1 1 0.0
1 2 0.125
1 3 0.25
1 4 0.375
1 5 0.5
1 6 0.625
1 7 0.75
1 8 0.875
1 9 0.125
1 10 0.1767766952966369
1 11 0.2795084971874737
1 12 0.39528470752104744
1 13 0.5153882032022076
1 14 0.6373774391990981
1 15 0.7603453162872774
1 16 0.8838834764831844
1 17 0.25
1 18 0.2795084971874737
1 19 0.3535533905932738
1 20 0.45069390943299864
1 21 0.5590169943749475
1 22 0.673145600891813
1 23 0.7905694150420949
1 24 0.9100137361600648
1 25 0.375
1 26 0.39528470752104744
1 27 0.45069390943299864
1 28 0.5303300858899106
1 29 0.625
1 30 0.7288689868556626
1 31 0.8385254915624212
1 32 0.9519716382329886
1 33 0.5
1 34 0.5153882032022076
1 35 0.5590169943749475
1 36 0.625
1 37 0.7071067811865476
1 38 0.8003905296791061
1 39 0.9013878188659973
1 40 1.0077822185373186
1 41 0.625
1 42 0.6373774391990981
1 43 0.673145600891813
1 44 0.7288689868556626
1 45 0.8003905296791061
1 46 0.8838834764831844
1 47 0.9762812094883317
1 48 1.0752906583803283
1 49 0.75
1 50 0.7603453162872774
1 51 0.7905694150420949
1 52 0.8385254915624212
1 53 0.9013878188659973
1 54 0.9762812094883317
1 55 1.0606601717798212
1 56 1.1524430571616109
1 57 0.875
1 58 0.8838834764831844
1 59 0.9100137361600648
1 60 0.9519716382329886
1 61 1.0077822185373186
1 62 1.0752906583803283
1 63 1.1524430571616109
1 64 1.2374368670764582
2 1 0.125
2 2 0.0
2 3 0.125
2 4 0.25
2 5 0.375
2 6 0.5
2 7 0.625
2 8 0.75
2 9 0.1767766952966369
2 10 0.125
2 11 0.1767766952966369
2 12 0.2795084971874737
2 13 0.39528470752104744
2 14 0.5153882032022076
2 15 0.6373774391990981
2 16 0.7603453162872774
2 17 0.2795084971874737
2 18 0.25
2 19 0.2795084971874737
2 20 0.3535533905932738
2 21 0.45069390943299864
2 22 0.5590169943749475
2 23 0.673145600891813
2 24 0.7905694150420949
2 25 0.39528470752104744
2 26 0.375
2 27 0.39528470752104744
2 28 0.45069390943299864
2 29 0.5303300858899106
2 30 0.625
2 31 0.7288689868556626
2 32 0.8385254915624212
2 33 0.5153882032022076
2 34 0.5
2 35 0.5153882032022076
2 36 0.5590169943749475
2 37 0.625
2 38 0.7071067811865476
2 39 0.8003905296791061
2 40 0.9013878188659973
2 41 0.6373774391990981
2 42 0.625
2 43 0.6373774391990981
2 44 0.673145600891813
2 45 0.7288689868556626
2 46 0.8003905296791061
2 47 0.8838834764831844
2 48 0.9762812094883317
2 49 0.7603453162872774
2 50 0.75
2 51 0.7603453162872774
2 52 0.7905694150420949
2 53 0.8385254915624212
2 54 0.9013878188659973
2 55 0.9762812094883317
2 56 1.0606601717798212
2 57 0.8838834764831844
2 58 0.875
2 59 0.8838834764831844
2 60 0.9100137361600648
2 61 0.9519716382329886
2 62 1.0077822185373186
2 63 1.0752906583803283
2 64 1.1524430571616109
3 1 0.25
3 2 0.125
3 3 0.0
3 4 0.125
3 5 0.25
3 6 0.375
3 7 0.5
3 8 0.625
3 9 0.2795084971874737
3 10 0.1767766952966369
3 11 0.125
3 12 0.1767766952966369
3 13 0.2795084971874737
3 14 0.39528470752104744
3 15 0.5153882032022076
3 16 0.6373774391990981
3 17 0.3535533905932738
3 18 0.2795084971874737
3 19 0.25
3 20 0.2795084971874737
3 21 0.3535533905932738
3 22 0.45069390943299864
3 23 0.5590169943749475
3 24 0.673145600891813
3 25 0.45069390943299864
3 26 0.39528470752104744
3 27 0.375
3 28 0.39528470752104744
3 29 0.45069390943299864
3 30 0.5303300858899106
3 31 0.625
3 32 0.7288689868556626
3 33 0.5590169943749475
3 34 0.5153882032022076
3 35 0.5
3 36 0.5153882032022076
3 37 0.5590169943749475
3 38 0.625
3 39 0.7071067811865476
3 40 0.8003905296791061
3 41 0.673145600891813
3 42 0.6373774391990981
3 43 0.625
3 44 0.6373774391990981
3 45 0.673145600891813
3 46 0.7288689868556626
3 47 0.8003905296791061
3 48 0.8838834764831844
3 49 0.7905694150420949
3 50 0.7603453162872774
3 51 0.75
3 52 0.7603453162872774
3 53 0.7905694150420949
3 54 0.8385254915624212
3 55 0.9013878188659973
3 56 0.9762812094883317
3 57 0.9100137361600648
3 58 0.8838834764831844
3 59 0.875
3 60 0.8838834764831844
3 61 0.9100137361600648
3 62 0.9519716382329886
3 63 1.0077822185373186
3 64 1.0752906583803283
4 1 0.375
4 2 0.25
4 3 0.125
4 4 0.0
4 5 0.125
4 6 0.25
4 7 0.375
4 8 0.5
4 9 0.39528470752104744
4 10 0.2795084971874737
4 11 0.1767766952966369
4 12 0.125
4 13 0.1767766952966369
4 14 0.2795084971874737
4 15 0.39528470752104744
4 16 0.5153882032022076
4 17 0.45069390943299864
4 18 0.3535533905932738
4 19 0.2795084971874737
4 20 0.25
4 21 0.2795084971874737
4 22 0.3535533905932738
4 23 0.45069390943299864
4 24 0.5590169943749475
4 25 0.5303300858899106
4 26 0.45069390943299864
4 27 0.39528470752104744
4 28 0.375
4 29 0.39528470752104744
4 30 0.45069390943299864
4 31 0.5303300858899106
4 32 0.625
4 33 0.625
4 34 0.5590169943749475
4 35 0.5153882032022076
4 36 0.5
4 37 0.5153882032022076
4 38 0.5590169943749475
4 39 0.625
4 40 0.7071067811865476
4 41 0.7288689868556626
4 42 0.673145600891813
4 43 0.6373774391990981
4 44 0.625
4 45 0.6373774391990981
4 46 0.673145600891813
4 47 0.7288689868556626
4 48 0.8003905296791061
4 49 0.8385254915624212
4 50 0.7905694150420949
4 51 0.7603453162872774
4 52 0.75
4 53 0.7603453162872774
4 54 0.7905694150420949
4 55 0.8385254915624212
4 56 0.9013878188659973
4 57 0.9519716382329886
4 58 0.9100137361600648
4 59 0.8838834764831844
4 60 0.875
4 61 0.8838834764831844
4 62 0.9100137361600648
4 63 0.9519716382329886
4 64 1.0077822185373186
5 1 0.5
5 2 0.375
5 3 0.25
5 4 0.125
5 5 0.0
5 6 0.125
5 7 0.25
5 8 0.375
5 9 0.5153882032022076
5 10 0.39528470752104744
5 11 0.2795084971874737
5 12 0.1767766952966369
5 13 0.125
5 14 0.1767766952966369
5 15 0.2795084971874737
5 16 0.39528470752104744
5 17 0.5590169943749475
5 18 0.45069390943299864
5 19 0.3535533905932738
5 20 0.2795084971874737
5 21 0.25
5 22 0.2795084971874737
5 23 0.3535533905932738
5 24 0.45069390943299864
5 25 0.625
5 26 0.5303300858899106
5 27 0.45069390943299864
5 28 0.39528470752104744
5 29 0.375
5 30 0.39528470752104744
5 31 0.45069390943299864
5 32 0.5303300858899106
5 33 0.7071067811865476
5 34 0.625
5 35 0.5590169943749475
5 36 0.5153882032022076
5 37 0.5
5 38 0.5153882032022076
5 39 0.5590169943749475
5 40 0.625
5 41 0.8003905296791061
5 42 0.7288689868556626
5 43 0.673145600891813
5 44 0.6373774391990981
5 45 0.625
5 46 0.6373774391990981
5 47 0.673145600891813
5 48 0.7288689868556626
5 49 0.9013878188659973
5 50 0.8385254915624212
5 51 0.7905694150420949
5 52 0.7603453162872774
5 53 0.75
5 54 0.7603453162872774
5 55 0.7905694150420949
5 56 0.8385254915624212
5 57 1.0077822185373186
5 58 0.9519716382329886
5 59 0.9100137361600648
5 60 0.8838834764831844
5 61 0.875
5 62 0.8838834764831844
5 63 0.9100137361600648
5 64 0.9519716382329886
6 1 0.625
6 2 0.5
6 3 0.375
6 4 0.25
6 5 0.125
6 6 0.0
6 7 0.125
6 8 0.25
6 9 0.6373774391990981
6 10 0.5153882032022076
6 11 0.39528470752104744
6 12 0.2795084971874737
6 13 0.1767766952966369
6 14 0.125
6 15 0.1767766952966369
6 16 0.2795084971874737
6 17 0.673145600891813
6 18 0.5590169943749475
6 19 0.45069390943299864
6 20 0.3535533905932738
6 21 0.2795084971874737
6 22 0.25
6 23 0.2795084971874737
6 24 0.3535533905932738
6 25 0.7288689868556626
6 26 0.625
6 27 0.5303300858899106
6 28 0.45069390943299864
6 29 0.39528470752104744
6 30 0.375
6 31 0.39528470752104744
6 32 0.45069390943299864
6 33 0.8003905296791061
6 34 0.7071067811865476
6 35 0.625
6 36 0.5590169943749475
6 37 0.5153882032022076
6 38 0.5
6 39 0.5153882032022076
6 40 0.5590169943749475
6 41 0.8838834764831844
6 42 0.8003905296791061
6 43 0.7288689868556626
6 44 0.673145600891813
6 45 0.6373774391990981
6 46 0.625
6 47 0.6373774391990981
6 48 0.673145600891813
6 49 0.9762812094883317
6 50 0.9013878188659973
6 51 0.8385254915624212
6 52 0.7905694150420949
6 53 0.7603453162872774
6 54 0.75
6 55 0.7603453162872774
6 56 0.7905694150420949
6 57 1.0752906583803283
6 58 1.0077822185373186
6 59 0.9519716382329886
6 60 0.9100137361600648
6 61 0.8838834764831844
6 62 0.875
6 63 0.8838834764831844
6 64 0.9100137361600648
7 1 0.75
7 2 0.625
7 3 0.5
7 4 0.375
7 5 0.25
7 6 0.125
7 7 0.0
7 8 0.125
7 9 0.7603453162872774
7 10 0.6373774391990981
7 11 0.5153882032022076
7 12 0.39528470752104744
7 13 0.2795084971874737
7 14 0.1767766952966369
7 15 0.125
7 16 0.1767766952966369
7 17 0.7905694150420949
7 18 0.673145600891813
7 19 0.5590169943749475
7 20 0.45069390943299864
7 21 0.3535533905932738
7 22 0.2795084971874737
7 23 0.25
7 24 0.2795084971874737
7 25 0.8385254915624212
7 26 0.7288689868556626
7 27 0.625
7 28 0.5303300858899106
7 29 0.45069390943299864
7 30 0.39528470752104744
7 31 0.375
7 32 0.39528470752104744
7 33 0.9013878188659973
7 34 0.8003905296791061
7 35 0.7071067811865476
7 36 0.625
7 37 0.5590169943749475
7 38 0.5153882032022076
7 39 0.5
7 40 0.5153882032022076
7 41 0.9762812094883317
7 42 0.8838834764831844
7 43 0.8003905296791061
7 44 0.7288689868556626
7 45 0.673145600891813
7 46 0.6373774391990981
7 47 0.625
7 48 0.6373774391990981
7 49 1.0606601717798212
7 50 0.9762812094883317
7 51 0.9013878188659973
7 52 0.8385254915624212
7 53 0.7905694150420949
7 54 0.7603453162872774
7 55 0.75
7 56 0.7603453162872774
7 57 1.1524430571616109
7 58 1.0752906583803283
7 59 1.0077822185373186
7 60 0.9519716382329886
7 61 0.9100137361600648
7 62 0.8838834764831844
7 63 0.875
7 64 0.8838834764831844
8 1 0.875
8 2 0.75
8 3 0.625
8 4 0.5
8 5 0.375
8 6 0.25
8 7 0.125
8 8 0.0
8 9 0.8838834764831844
8 10 0.7603453162872774
8 11 0.6373774391990981
8 12 0.5153882032022076
8 13 0.39528470752104744
8 14 0.2795084971874737
8 15 0.1767766952966369
8 16 0.125
8 17 0.9100137361600648
8 18 0.7905694150420949
8 19 0.673145600891813
8 20 0.5590169943749475
8 21 0.45069390943299864
8 22 0.3535533905932738
8 23 0.2795084971874737
8 24 0.25
8 25 0.9519716382329886
8 26 0.8385254915624212
8 27 0.7288689868556626
8 28 0.625
8 29 0.5303300858899106
8 30 0.45069390943299864
8 31 0.39528470752104744
8 32 0.375
8 33 1.0077822185373186
8 34 0.9013878188659973
8 35 0.8003905296791061
8 36 0.7071067811865476
8 37 0.625
8 38 0.5590169943749475
8 39 0.5153882032022076
8 40 0.5
8 41 1.0752906583803283
8 42 0.9762812094883317
8 43 0.8838834764831844
8 44 0.8003905296791061
8 45 0.7288689868556626
8 46 0.673145600891813
8 47 0.6373774391990981
8 48 0.625
8 49 1.1524430571616109
8 50 1.0606601717798212
8 51 0.9762812094883317
8 52 0.9013878188659973
8 53 0.8385254915624212
8 54 0.7905694150420949
8 55 0.7603453162872774
8 56 0.75
8 57 1.2374368670764582
8 58 1.1524430571616109
8 59 1.0752906583803283
8 60 1.0077822185373186
8 61 0.9519716382329886
8 62 0.9100137361600648
8 63 0.8838834764831844
8 64 0.875
9 1 0.125
9 2 0.1767766952966369
9 3 0.2795084971874737
9 4 0.39528470752104744
9 5 0.5153882032022076
9 6 0.6373774391990981
9 7 0.7603453162872774
9 8 0.8838834764831844
9 9 0.0
9 10 0.125
9 11 0.25
9 12 0.375
9 13 0.5
9 14 0.625
9 15 0.75
9 16 0.875
9 17 0.125
9 18 0.1767766952966369
9 19 0.2795084971874737
9 20 0.39528470752104744
9 21 0.5153882032022076
9 22 0.6373774391990981
9 23 0.7603453162872774
9 24 0.8838834764831844
9 25 0.25
9 26 0.2795084971874737
9 27 0.3535533905932738
9 28 0.45069390943299864
9 29 0.5590169943749475
9 30 0.673145600891813
9 31 0.7905694150420949
9 32 0.9100137361600648
9 33 0.375
9 34 0.39528470752104744
9 35 0.45069390943299864
9 36 0.5303300858899106
9 37 0.625
9 38 0.7288689868556626
9 39 0.8385254915624212
9 40 0.9519716382329886
9 41 0.5
9 42 0.5153882032022076
9 43 0.5590169943749475
9 44 0.625
9 45 0.7071067811865476
9 46 0.8003905296791061
9 47 0.9013878188659973
9 48 1.0077822185373186
9 49 0.625
9 50 0.6373774391990981
9 51 0.673145600891813
9 52 0.7288689868556626
9 53 0.8003905296791061
9 54 0.8838834764831844
9 55 0.9762812094883317
9 56 1.0752906583803283
9 57 0.75
9 58 0.7603453162872774
9 59 0.7905694150420949
9 60 0.8385254915624212
9 61 0.9013878188659973
9 62 0.9762812094883317
9 63 1.0606601717798212
9 64 1.1524430571616109
10 1 0.1767766952966369
10 2 0.125
10 3 0.1767766952966369
10 4 0.2795084971874737
10 5 0.39528470752104744
10 6 0.5153882032022076
10 7 0.6373774391990981
10 8 0.7603453162872774
10 9 0.125
10 10 0.0
10 11 0.125
10 12 0.25
10 13 0.375
10 14 0.5
10 15 0.625
10 16 0.75
10 17 0.1767766952966369
10 18 0.125
10 19 0.1767766952966369
10 20 0.2795084971874737
10 21 0.39528470752104744
10 22 0.5153882032022076
10 23 0.6373774391990981
10 24 0.7603453162872774
10 25 0.2795084971874737
10 26 0.25
10 27 0.2795084971874737
10 28 0.3535533905932738
10 29 0.45069390943299864
10 30 0.5590169943749475
10 31 0.673145600891813
10 32 0.7905694150420949
10 33 0.39528470752104744
10 34 0.375
10 35 0.39528470752104744
10 36 0.45069390943299864
10 37 0.5303300858899106
10 38 0.625
10 39 0.7288689868556626
10 40 0.8385254915624212
10 41 0.5153882032022076
10 42 0.5
10 43 0.5153882032022076
10 44 0.5590169943749475
10 45 0.625
10 46 0.7071067811865476
10 47 0.8003905296791061
10 48 0.9013878188659973
10 49 0.6373774391990981
10 50 0.625
10 51 0.6373774391990981
10 52 0.673145600891813
10 53 0.7288689868556626
10 54 0.8003905296791061
10 55 0.8838834764831844
10 56 0.9762812094883317
10 57 0.7603453162872774
10 58 0.75
10 59 0.7603453162872774
10 60 0.7905694150420949
10 61 0.8385254915624212
10 62 0.9013878188659973
10 63 0.9762812094883317
10 64 1.0606601717798212
11 1 0.2795084971874737
11 2 0.1767766952966369
11 3 0.125
11 4 0.1767766952966369
11 5 0.2795084971874737
11 6 0.39528470752104744
11 7 0.5153882032022076
11 8 0.6373774391990981
11 9 0.25
11 10 0.125
11 11 0.0
11 12 0.125
11 13 0.25
11 14 0.375
11 15 0.5
11 16 0.625
11 17 0.2795084971874737
11 18 0.1767766952966369
11 19 0.125
11 20 0.1767766952966369
11 21 0.2795084971874737
11 22 0.39528470752104744
11 23 0.5153882032022076
11 24 0.6373774391990981
11 25 0.3535533905932738
11 26 0.2795084971874737
11 27 0.25
11 28 0.2795084971874737
11 29 0.3535533905932738
11 30 0.45069390943299864
11 31 0.5590169943749475
11 32 0.673145600891813
11 33 0.45069390943299864
11 34 0.39528470752104744
11 35 0.375
11 36 0.39528470752104744
11 37 0.45069390943299864
11 38 0.5303300858899106
11 39 0.625
11 40 0.7288689868556626
11 41 0.5590169943749475
11 42 0.5153882032022076
11 43 0.5
11 44 0.5153882032022076
11 45 0.5590169943749475
11 46 0.625
11 47 0.7071067811865476
11 48 0.8003905296791061
11 49 0.673145600891813
11 50 0.6373774391990981
11 51 0.625
11 52 0.6373774391990981
11 53 0.673145600891813
11 54 0.7288689868556626
11 55 0.8003905296791061
11 56 0.8838834764831844
11 57 0.7905694150420949
11 58 0.7603453162872774
11 59 0.75
11 60 0.7603453162872774
11 61 0.7905694150420949
11 62 0.8385254915624212
11 63 0.9013878188659973
11 64 0.9762812094883317
12 1 0.39528470752104744
12 2 0.2795084971874737
12 3 0.1767766952966369
12 4 0.125
12 5 0.1767766952966369
12 6 0.2795084971874737
12 7 0.39528470752104744
12 8 0.5153882032022076
12 9 0.375
12 10 0.25
12 11 0.125
12 12 0.0
12 13 0.125
12 14 0.25
12 15 0.375
12 16 0.5
12 17 0.39528470752104744
12 18 0.2795084971874737
12 19 0.1767766952966369
12 20 0.125
12 21 0.1767766952966369
12 22 0.2795084971874737
12 23 0.39528470752104744
12 24 0.5153882032022076
12 25 0.45069390943299864
12 26 0.3535533905932738
12 27 0.2795084971874737
12 28 0.25
12 29 0.2795084971874737
12 30 0.3535533905932738
12 31 0.45069390943299864
12 32 0.5590169943749475
12 33 0.5303300858899106
12 34 0.45069390943299864
12 35 0.39528470752104744
12 36 0.375
12 37 0.39528470752104744
12 38 0.45069390943299864
12 39 0.5303300858899106
12 40 0.625
12 41 0.625
12 42 0.5590169943749475
12 43 0.5153882032022076
12 44 0.5
12 45 0.5153882032022076
12 46 0.5590169943749475
12 47 0.625
12 48 0.7071067811865476
12 49 0.7288689868556626
12 50 0.673145600891813
12 51 0.6373774391990981
12 52 0.625
12 53 0.6373774391990981
12 54 0.673145600891813
12 55 0.7288689868556626
12 56 0.8003905296791061
12 57 0.8385254915624212
12 58 0.7905694150420949
12 59 0.7603453162872774
12 60 0.75
12 61 0.7603453162872774
12 62 0.7905694150420949
12 63 0.8385254915624212
12 64 0.9013878188659973
13 1 0.5153882032022076
13 2 0.39528470752104744
13 3 0.2795084971874737
13 4 0.1767766952966369
13 5 0.125
13 6 0.1767766952966369
13 7 0.2795084971874737
13 8 0.39528470752104744
13 9 0.5
13 10 0.375
13 11 0.25
13 12 0.125
13 13 0.0
13 14 0.125
13 15 0.25
13 16 0.375
13 17 0.5153882032022076
13 18 0.39528470752104744
13 19 0.2795084971874737
13 20 0.1767766952966369
13 21 0.125
13 22 0.1767766952966369
13 23 0.2795084971874737
13 24 0.39528470752104744
13 25 0.5590169943749475
13 26 0.45069390943299864
13 27 0.3535533905932738
13 28 0.2795084971874737
13 29 0.25
13 30 0.2795084971874737
13 31 0.3535533905932738
13 32 0.45069390943299864
13 33 0.625
13 34 0.5303300858899106
13 35 0.45069390943299864
13 36 0.39528470752104744
13 37 0.375
13 38 0.39528470752104744
13 39 0.45069390943299864
13 40 0.5303300858899106
13 41 0.7071067811865476
13 42 0.625
13 43 0.5590169943749475
13 44 0.5153882032022076
13 45 0.5
13 46 0.5153882032022076
13 47 0.5590169943749475
13 48 0.625
13 49 0.8003905296791061
13 50 0.7288689868556626
13 51 0.673145600891813
13 52 0.6373774391990981
13 53 0.625
13 54 0.6373774391990981
13 55 0.673145600891813
13 56 0.7288689868556626
13 57 0.9013878188659973
13 58 0.8385254915624212
13 59 0.7905694150420949
13 60 0.7603453162872774
13 61 0.75
13 62 0.7603453162872774
13 63 0.7905694150420949
13 64 0.8385254915624212
14 1 0.6373774391990981
14 2 0.5153882032022076
14 3 0.39528470752104744
14 4 0.2795084971874737
14 5 0.1767766952966369
14 6 0.125
14 7 0.1767766952966369
14 8 0.2795084971874737
14 9 0.625
14 10 0.5
14 11 0.375
14 12 0.25
14 13 0.125
14 14 0.0
14 15 0.125
14 16 0.25
14 17 0.6373774391990981
14 18 0.5153882032022076
14 19 0.39528470752104744
14 20 0.2795084971874737
14 21 0.1767766952966369
14 22 0.125
14 23 0.1767766952966369
14 24 0.2795084971874737
14 25 0.673145600891813
14 26 0.5590169943749475
14 27 0.45069390943299864
14 28 0.3535533905932738
14 29 0.2795084971874737
14 30 0.25
14 31 0.2795084971874737
14 32 0.3535533905932738
14 33 0.7288689868556626
14 34 0.625
14 35 0.5303300858899106
14 36 0.45069390943299864
14 37 0.39528470752104744
14 38 0.375
14 39 0.39528470752104744
14 40 0.45069390943299864
14 41 0.8003905296791061
14 42 0.7071067811865476
14 43 0.625
14 44 0.5590169943749475
14 45 0.5153882032022076
14 46 0.5
14 47 0.5153882032022076
14 48 0.5590169943749475
14 49 0.8838834764831844
14 50 0.8003905296791061
14 51 0.7288689868556626
14 52 0.673145600891813
14 53 0.6373774391990981
14 54 0.625
14 55 0.6373774391990981
14 56 0.673145600891813
14 57 0.9762812094883317
14 58 0.9013878188659973
14 59 0.8385254915624212
14 60 0.7905694150420949
14 61 0.7603453162872774
14 62 0.75
14 63 0.7603453162872774
14 64 0.7905694150420949
15 1 0.7603453162872774
15 2 0.6373774391990981
15 3 0.5153882032022076
15 4 0.39528470752104744
15 5 0.2795084971874737
15 6 0.1767766952966369
15 7 0.125
15 8 0.1767766952966369
15 9 0.75
15 10 0.625
15 11 0.5
15 12 0.375
15 13 0.25
15 14 0.125
15 15 0.0
15 16 0.125
15 17 0.7603453162872774
15 18 0.6373774391990981
15 19 0.5153882032022076
15 20 0.39528470752104744
15 21 0.2795084971874737
15 22 0.1767766952966369
15 23 0.125
15 24 0.1767766952966369
15 25 0.7905694150420949
15 26 0.673145600891813
15 27 0.5590169943749475
15 28 0.45069390943299864
15 29 0.3535533905932738
15 30 0.2795084971874737
15 31 0.25
15 32 0.2795084971874737
15 33 0.8385254915624212
15 34 0.7288689868556626
15 35 0.625
15 36 0.5303300858899106
15 37 0.45069390943299864
15 38 0.39528470752104744
15 39 0.375
15 40 0.39528470752104744
15 41 0.9013878188659973
15 42 0.8003905296791061
15 43 0.7071067811865476
15 44 0.625
15 45 0.5590169943749475
15 46 0.5153882032022076
15 47 0.5
15 48 0.5153882032022076
15 49 0.9762812094883317
15 50 0.8838834764831844
15 51 0.8003905296791061
15 52 0.7288689868556626
15 53 0.673145600891813
15 54 0.6373774391990981
15 55 0.625
15 56 0.6373774391990981
15 57 1.0606601717798212
15 58 0.9762812094883317
15 59 0.9013878188659973
15 60 0.8385254915624212
15 61 0.7905694150420949
15 62 0.7603453162872774
15 63 0.75
15 64 0.7603453162872774
16 1 0.8838834764831844
16 2 0.7603453162872774
16 3 0.6373774391990981
16 4 0.5153882032022076
16 5 0.39528470752104744
16 6 0.2795084971874737
16 7 0.1767766952966369
16 8 0.125
16 9 0.875
16 10 0.75
16 11 0.625
16 12 0.5
16 13 0.375
16 14 0.25
16 15 0.125
16 16 0.0
16 17 0.8838834764831844
16 18 0.7603453162872774
16 19 0.6373774391990981
16 20 0.5153882032022076
16 21 0.39528470752104744
16 22 0.2795084971874737
16 23 0.1767766952966369
16 24 0.125
16 25 0.9100137361600648
16 26 0.7905694150420949
16 27 0.673145600891813
16 28 0.5590169943749475
16 29 0.45069390943299864
16 30 0.3535533905932738
16 31 0.2795084971874737
16 32 0.25
16 33 0.9519716382329886
16 34 0.8385254915624212
16 35 0.7288689868556626
16 36 0.625
16 37 0.5303300858899106
16 38 0.45069390943299864
16 39 0.39528470752104744
16 40 0.375
16 41 1.0077822185373186
16 42 0.9013878188659973
16 43 0.8003905296791061
16 44 0.7071067811865476
16 45 0.625
16 46 0.5590169943749475
16 47 0.5153882032022076
16 48 0.5
16 49 1.0752906583803283
16 50 0.9762812094883317
16 51 0.8838834764831844
16 52 0.8003905296791061
16 53 0.7288689868556626
16 54 0.673145600891813
16 55 0.6373774391990981
16 56 0.625
16 57 1.1524430571616109
16 58 1.0606601717798212
16 59 0.9762812094883317
16 60 0.9013878188659973
16 61 0.8385254915624212
16 62 0.7905694150420949
16 63 0.7603453162872774
16 64 0.75
17 1 0.25
17 2 0.2795084971874737
17 3 0.3535533905932738
17 4 0.45069390943299864
17 5 0.5590169943749475
17 6 0.673145600891813
17 7 0.7905694150420949
17 8 0.9100137361600648
17 9 0.125
17 10 0.1767766952966369
17 11 0.2795084971874737
17 12 0.39528470752104744
17 13 0.5153882032022076
17 14 0.6373774391990981
17 15 0.7603453162872774
17 16 0.8838834764831844
17 17 0.0
17 18 0.125
17 19 0.25
17 20 0.375
17 21 0.5
17 22 0.625
17 23 0.75
17 24 0.875
17 25 0.125
17 26 0.1767766952966369
17 27 0.2795084971874737
17 28 0.39528470752104744
17 29 0.5153882032022076
17 30 0.6373774391990981
17 31 0.7603453162872774
17 32 0.8838834764831844
17 33 0.25
17 34 0.2795084971874737
17 35 0.3535533905932738
17 36 0.45069390943299864
17 37 0.5590169943749475
17 38 0.673145600891813
17 39 0.7905694150420949
17 40 0.9100137361600648
17 41 0.375
17 42 0.39528470752104744
17 43 0.45069390943299864
17 44 0.5303300858899106
17 45 0.625
17 46 0.7288689868556626
17 47 0.8385254915624212
17 48 0.9519716382329886
17 49 0.5
17 50 0.5153882032022076
17 51 0.5590169943749475
17 52 0.625
17 53 0.7071067811865476
17 54 0.8003905296791061
17 55 0.9013878188659973
17 56 1.0077822185373186
17 57 0.625
17 58 0.6373774391990981
17 59 0.673145600891813
17 60 0.7288689868556626
17 61 0.8003905296791061
17 62 0.8838834764831844
17 63 0.9762812094883317
17 64 1.0752906583803283
18 1 0.2795084971874737
18 2 0.25
18 3 0.2795084971874737
18 4 0.3535533905932738
18 5 0.45069390943299864
18 6 0.5590169943749475
18 7 0.673145600891813
18 8 0.7905694150420949
18 9 0.1767766952966369
18 10 0.125
18 11 0.1767766952966369
18 12 0.2795084971874737
18 13 0.39528470752104744
18 14 0.5153882032022076
18 15 0.6373774391990981
18 16 0.7603453162872774
18 17 0.125
18 18 0.0
18 19 0.125
18 20 0.25
18 21 0.375
18 22 0.5
18 23 0.625
18 24 0.75
18 25 0.1767766952966369
18 26 0.125
18 27 0.1767766952966369
18 28 0.2795084971874737
18 29 0.39528470752104744
18 30 0.5153882032022076
18 31 0.6373774391990981
18 32 0.7603453162872774
18 33 0.2795084971874737
18 34 0.25
18 35 0.2795084971874737
18 36 0.3535533905932738
18 37 0.45069390943299864
18 38 0.5590169943749475
18 39 0.673145600891813
18 40 0.7905694150420949
18 41 0.39528470752104744
18 42 0.375
18 43 0.39528470752104744
18 44 0.45069390943299864
18 45 0.5303300858899106
18 46 0.625
18 47 0.7288689868556626
18 48 0.8385254915624212
18 49 0.5153882032022076
18 50 0.5
18 51 0.5153882032022076
18 52 0.5590169943749475
18 53 0.625
18 54 0.7071067811865476
18 55 0.8003905296791061
18 56 0.9013878188659973
18 57 0.6373774391990981
18 58 0.625
18 59 0.6373774391990981
18 60 0.673145600891813
18 61 0.7288689868556626
18 62 0.8003905296791061
18 63 0.8838834764831844
18 64 0.9762812094883317
19 1 0.3535533905932738
19 2 0.2795084971874737
19 3 0.25
19 4 0.2795084971874737
19 5 0.3535533905932738
19 6 0.45069390943299864
19 7 0.5590169943749475
19 8 0.673145600891813
19 9 0.2795084971874737
19 10 0.1767766952966369
19 11 0.125
19 12 0.1767766952966369
19 13 0.2795084971874737
19 14 0.39528470752104744
19 15 0.5153882032022076
19 16 0.6373774391990981
19 17 0.25
19 18 0.125
19 19 0.0
19 20 0.125
19 21 0.25
19 22 0.375
19 23 0.5
19 24 0.625
19 25 0.2795084971874737
19 26 0.1767766952966369
19 27 0.125
19 28 0.1767766952966369
19 29 0.2795084971874737
19 30 0.39528470752104744
19 31 0.5153882032022076
19 32 0.6373774391990981
19 33 0.3535533905932738
19 34 0.2795084971874737
19 35 0.25
19 36 0.2795084971874737
19 37 0.3535533905932738
19 38 0.45069390943299864
19 39 0.5590169943749475
19 40 0.673145600891813
19 41 0.45069390943299864
19 42 0.39528470752104744
19 43 0.375
19 44 0.39528470752104744
19 45 0.45069390943299864
19 46 0.5303300858899106
19 47 0.625
19 48 0.7288689868556626
19 49 0.5590169943749475
19 50 0.5153882032022076
19 51 0.5
19 52 0.5153882032022076
19 53 0.5590169943749475
19 54 0.625
19 55 0.7071067811865476
19 56 0.8003905296791061
19 57 0.673145600891813
19 58 0.6373774391990981
19 59 0.625
19 60 0.6373774391990981
19 61 0.673145600891813
19 62 0.7288689868556626
19 63 0.8003905296791061
19 64 0.8838834764831844
20 1 0.45069390943299864
20 2 0.3535533905932738
20 3 0.2795084971874737
20 4 0.25
20 5 0.2795084971874737
20 6 0.3535533905932738
20 7 0.45069390943299864
20 8 0.5590169943749475
20 9 0.39528470752104744
20 10 0.2795084971874737
20 11 0.1767766952966369
20 12 0.125
20 13 0.1767766952966369
20 14 0.2795084971874737
20 15 0.39528470752104744
20 16 0.5153882032022076
20 17 0.375
20 18 0.25
20 19 0.125
20 20 0.0
20 21 0.125
20 22 0.25
20 23 0.375
20 24 0.5
20 25 0.39528470752104744
20 26 0.2795084971874737
20 27 0.1767766952966369
20 28 0.125
20 29 0.1767766952966369
20 30 0.2795084971874737
20 31 0.39528470752104744
20 32 0.5153882032022076
20 33 0.45069390943299864
20 34 0.3535533905932738
20 35 0.2795084971874737
20 36 0.25
20 37 0.2795084971874737
20 38 0.3535533905932738
20 39 0.45069390943299864
20 40 0.5590169943749475
20 41 0.5303300858899106
20 42 0.45069390943299864
20 43 0.39528470752104744
20 44 0.375
20 45 0.39528470752104744
20 46 0.45069390943299864
20 47 0.5303300858899106
20 48 0.625
20 49 0.625
20 50 0.5590169943749475
20 51 0.5153882032022076
20 52 0.5
20 53 0.5153882032022076
20 54 0.5590169943749475
20 55 0.625
20 56 0.7071067811865476
20 57 0.7288689868556626
20 58 0.673145600891813
20 59 0.6373774391990981
20 60 0.625
20 61 0.6373774391990981
20 62 0.673145600891813
20 63 0.7288689868556626
20 64 0.8003905296791061
21 1 0.5590169943749475
21 2 0.45069390943299864
21 3 0.3535533905932738
21 4 0.2795084971874737
21 5 0.25
21 6 0.2795084971874737
21 7 0.3535533905932738
21 8 0.45069390943299864
21 9 0.5153882032022076
21 10 0.39528470752104744
21 11 0.2795084971874737
21 12 0.1767766952966369
21 13 0.125
21 14 0.1767766952966369
21 15 0.2795084971874737
21 16 0.39528470752104744
21 17 0.5
21 18 0.375
21 19 0.25
21 20 0.125
21 21 0.0
21 22 0.125
21 23 0.25
21 24 0.375
21 25 0.5153882032022076
21 26 0.39528470752104744
21 27 0.2795084971874737
21 28 0.1767766952966369
21 29 0.125
21 30 0.1767766952966369
21 31 0.2795084971874737
21 32 0.39528470752104744
21 33 0.5590169943749475
21 34 0.45069390943299864
21 35 0.3535533905932738
21 36 0.2795084971874737
21 37 0.25
21 38 0.2795084971874737
21 39 0.3535533905932738
21 40 0.45069390943299864
21 41 0.625
21 42 0.5303300858899106
21 43 0.45069390943299864
21 44 0.39528470752104744
21 45 0.375
21 46 0.39528470752104744
21 47 0.45069390943299864
21 48 0.5303300858899106
21 49 0.7071067811865476
21 50 0.625
21 51 0.5590169943749475
21 52 0.5153882032022076
21 53 0.5
21 54 0.5153882032022076
21 55 0.5590169943749475
21 56 0.625
21 57 0.8003905296791061
21 58 0.7288689868556626
21 59 0.673145600891813
21 60 0.6373774391990981
21 61 0.625
21 62 0.6373774391990981
21 63 0.673145600891813
21 64 0.7288689868556626
22 1 0.673145600891813
22 2 0.5590169943749475
22 3 0.45069390943299864
22 4 0.3535533905932738
22 5 0.2795084971874737
22 6 0.25
22 7 0.2795084971874737
22 8 0.3535533905932738
22 9 0.6373774391990981
22 10 0.5153882032022076
22 11 0.39528470752104744
22 12 0.2795084971874737
22 13 0.1767766952966369
22 14 0.125
22 15 0.1767766952966369
22 16 0.2795084971874737
22 17 0.625
22 18 0.5
22 19 0.375
22 20 0.25
22 21 0.125
22 22 0.0
22 23 0.125
22 24 0.25
22 25 0.6373774391990981
22 26 0.5153882032022076
22 27 0.39528470752104744
22 28 0.2795084971874737
22 29 0.1767766952966369
22 30 0.125
22 31 0.1767766952966369
22 32 0.2795084971874737
22 33 0.673145600891813
22 34 0.5590169943749475
22 35 0.45069390943299864
22 36 0.3535533905932738
22 37 0.2795084971874737
22 38 0.25
22 39 0.2795084971874737
22 40 0.3535533905932738
22 41 0.7288689868556626
22 42 0.625
22 43 0.5303300858899106
22 44 0.45069390943299864
22 45 0.39528470752104744
22 46 0.375
22 47 0.39528470752104744
22 48 0.45069390943299864
22 49 0.8003905296791061
22 50 0.7071067811865476
22 51 0.625
22 52 0.5590169943749475
22 53 0.5153882032022076
22 54 0.5
22 55 0.5153882032022076
22 56 0.5590169943749475
22 57 0.8838834764831844
22 58 0.8003905296791061
22 59 0.7288689868556626
22 60 0.673145600891813
22 61 0.6373774391990981
22 62 0.625
22 63 0.6373774391990981
22 64 0.673145600891813
23 1 0.7905694150420949
23 2 0.673145600891813
23 3 0.5590169943749475
23 4 0.45069390943299864
23 5 0.3535533905932738
23 6 0.2795084971874737
23 7 0.25
23 8 0.2795084971874737
23 9 0.7603453162872774
23 10 0.6373774391990981
23 11 0.5153882032022076
23 12 0.39528470752104744
23 13 0.2795084971874737
23 14 0.1767766952966369
23 15 0.125
23 16 0.1767766952966369
23 17 0.75
23 18 0.625
23 19 0.5
23 20 0.375
23 21 0.25
23 22 0.125
23 23 0.0
23 24 0.125
23 25 0.7603453162872774
23 26 0.6373774391990981
23 27 0.5153882032022076
23 28 0.39528470752104744
23 29 0.2795084971874737
23 30 0.1767766952966369
23 31 0.125
23 32 0.1767766952966369
23 33 0.7905694150420949
23 34 0.673145600891813
23 35 0.5590169943749475
23 36 0.45069390943299864
23 37 0.3535533905932738
23 38 0.2795084971874737
23 39 0.25
23 40 0.2795084971874737
23 41 0.8385254915624212
23 42 0.7288689868556626
23 43 0.625
23 44 0.5303300858899106
23 45 0.45069390943299864
23 46 0.39528470752104744
23 47 0.375
23 48 0.39528470752104744
23 49 0.9013878188659973
23 50 0.8003905296791061
23 51 0.7071067811865476
23 52 0.625
23 53 0.5590169943749475
23 54 0.5153882032022076
23 55 0.5
23 56 0.5153882032022076
23 57 0.9762812094883317
23 58 0.8838834764831844
23 59 0.8003905296791061
23 60 0.7288689868556626
23 61 0.673145600891813
23 62 0.6373774391990981
23 63 0.625
23 64 0.6373774391990981
24 1 0.9100137361600648
24 2 0.7905694150420949
24 3 0.673145600891813
24 4 0.5590169943749475
24 5 0.45069390943299864
24 6 0.3535533905932738
24 7 0.2795084971874737
24 8 0.25
24 9 0.8838834764831844
24 10 0.7603453162872774
24 11 0.6373774391990981
24 12 0.5153882032022076
24 13 0.39528470752104744
24 14 0.2795084971874737
24 15 0.1767766952966369
24 16 0.125
24 17 0.875
24 18 0.75
24 19 0.625
24 20 0.5
24 21 0.375
24 22 0.25
24 23 0.125
24 24 0.0
24 25 0.8838834764831844
24 26 0.7603453162872774
24 27 0.6373774391990981
24 28 0.5153882032022076
24 29 0.39528470752104744
24 30 0.2795084971874737
24 31 0.1767766952966369
24 32 0.125
24 33 0.9100137361600648
24 34 0.7905694150420949
24 35 0.673145600891813
24 36 0.5590169943749475
24 37 0.45069390943299864
24 38 0.3535533905932738
24 39 0.2795084971874737
24 40 0.25
24 41 0.9519716382329886
24 42 0.8385254915624212
24 43 0.7288689868556626
24 44 0.625
24 45 0.5303300858899106
24 46 0.45069390943299864
24 47 0.39528470752104744
24 48 0.375
24 49 1.0077822185373186
24 50 0.9013878188659973
24 51 0.8003905296791061
24 52 0.7071067811865476
24 53 0.625
24 54 0.5590169943749475
24 55 0.5153882032022076
24 56 0.5
24 57 1.0752906583803283
24 58 0.9762812094883317
24 59 0.8838834764831844
24 60 0.8003905296791061
24 61 0.7288689868556626
24 62 0.673145600891813
24 63 0.6373774391990981
24 64 0.625
25 1 0.375
25 2 0.39528470752104744
25 3 0.45069390943299864
25 4 0.5303300858899106
25 5 0.625
25 6 0.7288689868556626
25 7 0.8385254915624212
25 8 0.9519716382329886
25 9 0.25
25 10 0.2795084971874737
25 11 0.3535533905932738
25 12 0.45069390943299864
25 13 0.5590169943749475
25 14 0.673145600891813
25 15 0.7905694150420949
25 16 0.9100137361600648
25 17 0.125
25 18 0.1767766952966369
25 19 0.2795084971874737
25 20 0.39528470752104744
25 21 0.5153882032022076
25 22 0.6373774391990981
25 23 0.7603453162872774
25 24 0.8838834764831844
25 25 0.0
25 26 0.125
25 27 0.25
25 28 0.375
25 29 0.5
25 30 0.625
25 31 0.75
25 32 0.875
25 33 0.125
25 34 0.1767766952966369
25 35 0.2795084971874737
25 36 0.39528470752104744
25 37 0.5153882032022076
25 38 0.6373774391990981
25 39 0.7603453162872774
25 40 0.8838834764831844
25 41 0.25
25 42 0.2795084971874737
25 43 0.3535533905932738
25 44 0.45069390943299864
25 45 0.5590169943749475
25 46 0.673145600891813
25 47 0.7905694150420949
25 48 0.9100137361600648
25 49 0.375
25 50 0.39528470752104744
25 51 0.45069390943299864
25 52 0.5303300858899106
25 53 0.625
25 54 0.7288689868556626
25 55 0.8385254915624212
25 56 0.9519716382329886
25 57 0.5
25 58 0.5153882032022076
25 59 0.5590169943749475
25 60 0.625
25 61 0.7071067811865476
25 62 0.8003905296791061
25 63 0.9013878188659973
25 64 1.0077822185373186
26 1 0.39528470752104744
26 2 0.375
26 3 0.39528470752104744
26 4 0.45069390943299864
26 5 0.5303300858899106
26 6 0.625
26 7 0.7288689868556626
26 8 0.8385254915624212
26 9 0.2795084971874737
26 10 0.25
26 11 0.2795084971874737
26 12 0.3535533905932738
26 13 0.45069390943299864
26 14 0.5590169943749475
26 15 0.673145600891813
26 16 0.7905694150420949
26 17 0.1767766952966369
26 18 0.125
26 19 0.1767766952966369
26 20 0.2795084971874737
26 21 0.39528470752104744
26 22 0.5153882032022076
26 23 0.6373774391990981
26 24 0.7603453162872774
26 25 0.125
26 26 0.0
26 27 0.125
26 28 0.25
26 29 0.375
26 30 0.5
26 31 0.625
26 32 0.75
26 33 0.1767766952966369
26 34 0.125
26 35 0.1767766952966369
26 36 0.2795084971874737
26 37 0.39528470752104744
26 38 0.5153882032022076
26 39 0.6373774391990981
26 40 0.7603453162872774
26 41 0.2795084971874737
26 42 0.25
26 43 0.2795084971874737
26 44 0.3535533905932738
26 45 0.45069390943299864
26 46 0.5590169943749475
26 47 0.673145600891813
26 48 0.7905694150420949
26 49 0.39528470752104744
26 50 0.375
26 51 0.39528470752104744
26 52 0.45069390943299864
26 53 0.5303300858899106
26 54 0.625
26 55 0.7288689868556626
26 56 0.8385254915624212
26 57 0.5153882032022076
26 58 0.5
26 59 0.5153882032022076
26 60 0.5590169943749475
26 61 0.625
26 62 0.7071067811865476
26 63 0.8003905296791061
26 64 0.9013878188659973
27 1 0.45069390943299864
27 2 0.39528470752104744
27 3 0.375
27 4 0.39528470752104744
27 5 0.45069390943299864
27 6 0.5303300858899106
27 7 0.625
27 8 0.7288689868556626
27 9 0.3535533905932738
27 10 0.2795084971874737
27 11 0.25
27 12 0.2795084971874737
27 13 0.3535533905932738
27 14 0.45069390943299864
27 15 0.5590169943749475
27 16 0.673145600891813
27 17 0.2795084971874737
27 18 0.1767766952966369
27 19 0.125
27 20 0.1767766952966369
27 21 0.2795084971874737
27 22 0.39528470752104744
27 23 0.5153882032022076
27 24 0.6373774391990981
27 25 0.25
27 26 0.125
27 27 0.0
27 28 0.125
27 29 0.25
27 30 0.375
27 31 0.5
27 32 0.625
27 33 0.2795084971874737
27 34 0.1767766952966369
27 35 0.125
27 36 0.1767766952966369
27 37 0.2795084971874737
27 38 0.39528470752104744
27 39 0.5153882032022076
27 40 0.6373774391990981
27 41 0.3535533905932738
27 42 0.2795084971874737
27 43 0.25
27 44 0.2795084971874737
27 45 0.3535533905932738
27 46 0.45069390943299864
27 47 0.5590169943749475
27 48 0.673145600891813
27 49 0.45069390943299864
27 50 0.39528470752104744
27 51 0.375
27 52 0.39528470752104744
27 53 0.45069390943299864
27 54 0.5303300858899106
27 55 0.625
27 56 0.7288689868556626
27 57 0.5590169943749475
27 58 0.5153882032022076
27 59 0.5
27 60 0.5153882032022076
27 61 0.5590169943749475
27 62 0.625
27 63 0.7071067811865476
27 64 0.8003905296791061
28 1 0.5303300858899106
28 2 0.45069390943299864
28 3 0.39528470752104744
28 4 0.375
28 5 0.39528470752104744
28 6 0.45069390943299864
28 7 0.5303300858899106
28 8 0.625
28 9 0.45069390943299864
28 10 0.3535533905932738
28 11 0.2795084971874737
28 12 0.25
28 13 0.2795084971874737
28 14 0.3535533905932738
28 15 0.45069390943299864
28 16 0.5590169943749475
28 17 0.39528470752104744
28 18 0.2795084971874737
28 19 0.1767766952966369
28 20 0.125
28 21 0.1767766952966369
28 22 0.2795084971874737
28 23 0.39528470752104744
28 24 0.5153882032022076
28 25 0.375
28 26 0.25
28 27 0.125
28 28 0.0
28 29 0.125
28 30 0.25
28 31 0.375
28 32 0.5
28 33 0.39528470752104744
28 34 0.2795084971874737
28 35 0.1767766952966369
28 36 0.125
28 37 0.1767766952966369
28 38 0.2795084971874737
28 39 0.39528470752104744
28 40 0.5153882032022076
28 41 0.45069390943299864
28 42 0.3535533905932738
28 43 0.2795084971874737
28 44 0.25
28 45 0.2795084971874737
28 46 0.3535533905932738
28 47 0.45069390943299864
28 48 0.5590169943749475
28 49 0.5303300858899106
28 50 0.45069390943299864
28 51 0.39528470752104744
28 52 0.375
28 53 0.39528470752104744
28 54 0.45069390943299864
28 55 0.5303300858899106
28 56 0.625
28 57 0.625
28 58 0.5590169943749475
28 59 0.5153882032022076
28 60 0.5
28 61 0.5153882032022076
28 62 0.5590169943749475
28 63 0.625
28 64 0.7071067811865476
29 1 0.625
29 2 0.5303300858899106
29 3 0.45069390943299864
29 4 0.39528470752104744
29 5 0.375
29 6 0.39528470752104744
29 7 0.45069390943299864
29 8 0.5303300858899106
29 9 0.5590169943749475
29 10 0.45069390943299864
29 11 0.3535533905932738
29 12 0.2795084971874737
29 13 0.25
29 14 0.2795084971874737
29 15 0.3535533905932738
29 16 0.45069390943299864
29 17 0.5153882032022076
29 18 0.39528470752104744
29 19 0.2795084971874737
29 20 0.1767766952966369
29 21 0.125
29 22 0.1767766952966369
29 23 0.2795084971874737
29 24 0.39528470752104744
29 25 0.5
29 26 0.375
29 27 0.25
29 28 0.125
29 29 0.0
29 30 0.125
29 31 0.25
29 32 0.375
29 33 0.5153882032022076
29 34 0.39528470752104744
29 35 0.2795084971874737
29 36 0.1767766952966369
29 37 0.125
29 38 0.1767766952966369
29 39 0.2795084971874737
29 40 0.39528470752104744
29 41 0.5590169943749475
29 42 0.45069390943299864
29 43 0.3535533905932738
29 44 0.2795084971874737
29 45 0.25
29 46 0.2795084971874737
29 47 0.3535533905932738
29 48 0.45069390943299864
29 49 0.625
29 50 0.5303300858899106
29 51 0.45069390943299864
29 52 0.39528470752104744
29 53 0.375
29 54 0.39528470752104744
29 55 0.45069390943299864
29 56 0.5303300858899106
29 57 0.7071067811865476
29 58 0.625
29 59 0.5590169943749475
29 60 0.5153882032022076
29 61 0.5
29 62 0.5153882032022076
29 63 0.5590169943749475
29 64 0.625
30 1 0.7288689868556626
30 2 0.625
30 3 0.5303300858899106
30 4 0.45069390943299864
30 5 0.39528470752104744
30 6 0.375
30 7 0.39528470752104744
30 8 0.45069390943299864
30 9 0.673145600891813
30 10 0.5590169943749475
30 11 0.45069390943299864
30 12 0.3535533905932738
30 13 0.2795084971874737
30 14 0.25
30 15 0.2795084971874737
30 16 0.3535533905932738
30 17 0.6373774391990981
30 18 0.5153882032022076
30 19 0.39528470752104744
30 20 0.2795084971874737
30 21 0.1767766952966369
30 22 0.125
30 23 0.1767766952966369
30 24 0.2795084971874737
30 25 0.625
30 26 0.5
30 27 0.375
30 28 0.25
30 29 0.125
30 30 0.0
30 31 0.125
30 32 0.25
30 33 0.6373774391990981
30 34 0.5153882032022076
30 35 0.39528470752104744
30 36 0.2795084971874737
30 37 0.1767766952966369
30 38 0.125
30 39 0.1767766952966369
30 40 0.2795084971874737
30 41 0.673145600891813
30 42 0.5590169943749475
30 43 0.45069390943299864
30 44 0.3535533905932738
30 45 0.2795084971874737
30 46 0.25
30 47 0.2795084971874737
30 48 0.3535533905932738
30 49 0.7288689868556626
30 50 0.625
30 51 0.5303300858899106
30 52 0.45069390943299864
30 53 0.39528470752104744
30 54 0.375
30 55 0.39528470752104744
30 56 0.45069390943299864
30 57 0.8003905296791061
30 58 0.7071067811865476
30 59 0.625
30 60 0.5590169943749475
30 61 0.5153882032022076
30 62 0.5
30 63 0.5153882032022076
30 64 0.5590169943749475
31 1 0.8385254915624212
31 2 0.7288689868556626
31 3 0.625
31 4 0.5303300858899106
31 5 0.45069390943299864
31 6 0.39528470752104744
31 7 0.375
31 8 0.39528470752104744
31 9 0.7905694150420949
31 10 0.673145600891813
31 11 0.5590169943749475
31 12 0.45069390943299864
31 13 0.3535533905932738
31 14 0.2795084971874737
31 15 0.25
31 16 0.2795084971874737
31 17 0.7603453162872774
31 18 0.6373774391990981
31 19 0.5153882032022076
31 20 0.39528470752104744
31 21 0.2795084971874737
31 22 0.1767766952966369
31 23 0.125
31 24 0.1767766952966369
31 25 0.75
31 26 0.625
31 27 0.5
31 28 0.375
31 29 0.25
31 30 0.125
31 31 0.0
31 32 0.125
31 33 0.7603453162872774
31 34 0.6373774391990981
31 35 0.5153882032022076
31 36 0.39528470752104744
31 37 0.2795084971874737
31 38 0.1767766952966369
31 39 0.125
31 40 0.1767766952966369
31 41 0.7905694150420949
31 42 0.673145600891813
31 43 0.5590169943749475
31 44 0.45069390943299864
31 45 0.3535533905932738
31 46 0.2795084971874737
31 47 0.25
31 48 0.2795084971874737
31 49 0.8385254915624212
31 50 0.7288689868556626
31 51 0.625
31 52 0.5303300858899106
31 53 0.45069390943299864
31 54 0.39528470752104744
31 55 0.375
31 56 0.39528470752104744
31 57 0.9013878188659973
31 58 0.8003905296791061
31 59 0.7071067811865476
31 60 0.625
31 61 0.5590169943749475
31 62 0.5153882032022076
31 63 0.5
31 64 0.5153882032022076
32 1 0.9519716382329886
32 2 0.8385254915624212
32 3 0.7288689868556626
32 4 0.625
32 5 0.5303300858899106
32 6 0.45069390943299864
32 7 0.39528470752104744
32 8 0.375
32 9 0.9100137361600648
32 10 0.7905694150420949
32 11 0.673145600891813
32 12 0.5590169943749475
32 13 0.45069390943299864
32 14 0.3535533905932738
32 15 0.2795084971874737
32 16 0.25
32 17 0.8838834764831844
32 18 0.7603453162872774
32 19 0.6373774391990981
32 20 0.5153882032022076
32 21 0.39528470752104744
32 22 0.2795084971874737
32 23 0.1767766952966369
32 24 0.125
32 25 0.875
32 26 0.75
32 27 0.625
32 28 0.5
32 29 0.375
32 30 0.25
32 31 0.125
32 32 0.0
32 33 0.8838834764831844
32 34 0.7603453162872774
32 35 0.6373774391990981
32 36 0.5153882032022076
32 37 0.39528470752104744
32 38 0.2795084971874737
32 39 0.1767766952966369
32 40 0.125
32 41 0.9100137361600648
32 42 0.7905694150420949
32 43 0.673145600891813
32 44 0.5590169943749475
32 45 0.45069390943299864
32 46 0.3535533905932738
32 47 0.2795084971874737
32 48 0.25
32 49 0.9519716382329886
32 50 0.8385254915624212
32 51 0.7288689868556626
32 52 0.625
32 53 0.5303300858899106
32 54 0.45069390943299864
32 55 0.39528470752104744
32 56 0.375
32 57 1.0077822185373186
32 58 0.9013878188659973
32 59 0.8003905296791061
32 60 0.7071067811865476
32 61 0.625
32 62 0.5590169943749475
32 63 0.5153882032022076
32 64 0.5
33 1 0.5
33 2 0.5153882032022076
33 3 0.5590169943749475
33 4 0.625
33 5 0.7071067811865476
33 6 0.8003905296791061
33 7 0.9013878188659973
33 8 1.0077822185373186
33 9 0.375
33 10 0.39528470752104744
33 11 0.45069390943299864
33 12 0.5303300858899106
33 13 0.625
33 14 0.7288689868556626
33 15 0.8385254915624212
33 16 0.9519716382329886
33 17 0.25
33 18 0.2795084971874737
33 19 0.3535533905932738
33 20 0.45069390943299864
33 21 0.5590169943749475
33 22 0.673145600891813
33 23 0.7905694150420949
33 24 0.9100137361600648
33 25 0.125
33 26 0.1767766952966369
33 27 0.2795084971874737
33 28 0.39528470752104744
33 29 0.5153882032022076
33 30 0.6373774391990981
33 31 0.7603453162872774
33 32 0.8838834764831844
33 33 0.0
33 34 0.125
33 35 0.25
33 36 0.375
33 37 0.5
33 38 0.625
33 39 0.75
33 40 0.875
33 41 0.125
33 42 0.1767766952966369
33 43 0.2795084971874737
33 44 0.39528470752104744
33 45 0.5153882032022076
33 46 0.6373774391990981
33 47 0.7603453162872774
33 48 0.8838834764831844
33 49 0.25
33 50 0.2795084971874737
33 51 0.3535533905932738
33 52 0.45069390943299864
33 53 0.5590169943749475
33 54 0.673145600891813
33 55 0.7905694150420949
33 56 0.9100137361600648
33 57 0.375
33 58 0.39528470752104744
33 59 0.45069390943299864
33 60 0.5303300858899106
33 61 0.625
33 62 0.7288689868556626
33 63 0.8385254915624212
33 64 0.9519716382329886
34 1 0.5153882032022076
34 2 0.5
34 3 0.5153882032022076
34 4 0.5590169943749475
34 5 0.625
34 6 0.7071067811865476
34 7 0.8003905296791061
34 8 0.9013878188659973
34 9 0.39528470752104744
34 10 0.375
34 11 0.39528470752104744
34 12 0.45069390943299864
34 13 0.5303300858899106
34 14 0.625
34 15 0.7288689868556626
34 16 0.8385254915624212
34 17 0.2795084971874737
34 18 0.25
34 19 0.2795084971874737
34 20 0.3535533905932738
34 21 0.45069390943299864
34 22 0.5590169943749475
34 23 0.673145600891813
34 24 0.7905694150420949
34 25 0.1767766952966369
34 26 0.125
34 27 0.1767766952966369
34 28 0.2795084971874737
34 29 0.39528470752104744
34 30 0.5153882032022076
34 31 0.6373774391990981
34 32 0.7603453162872774
34 33 0.125
34 34 0.0
34 35 0.125
34 36 0.25
34 37 0.375
34 38 0.5
34 39 0.625
34 40 0.75
34 41 0.1767766952966369
34 42 0.125
34 43 0.1767766952966369
34 44 0.2795084971874737
34 45 0.39528470752104744
34 46 0.5153882032022076
34 47 0.6373774391990981
34 48 0.7603453162872774
34 49 0.2795084971874737
34 50 0.25
34 51 0.2795084971874737
34 52 0.3535533905932738
34 53 0.45069390943299864
34 54 0.5590169943749475
34 55 0.673145600891813
34 56 0.7905694150420949
34 57 0.39528470752104744
34 58 0.375
34 59 0.39528470752104744
34 60 0.45069390943299864
34 61 0.5303300858899106
34 62 0.625
34 63 0.7288689868556626
34 64 0.8385254915624212
35 1 0.5590169943749475
35 2 0.5153882032022076
35 3 0.5
35 4 0.5153882032022076
35 5 0.5590169943749475
35 6 0.625
35 7 0.7071067811865476
35 8 0.8003905296791061
35 9 0.45069390943299864
35 10 0.39528470752104744
35 11 0.375
35 12 0.39528470752104744
35 13 0.45069390943299864
35 14 0.5303300858899106
35 15 0.625
35 16 0.7288689868556626
35 17 0.3535533905932738
35 18 0.2795084971874737
35 19 0.25
35 20 0.2795084971874737
35 21 0.3535533905932738
35 22 0.45069390943299864
35 23 0.5590169943749475
35 24 0.673145600891813
35 25 0.2795084971874737
35 26 0.1767766952966369
35 27 0.125
35 28 0.1767766952966369
35 29 0.2795084971874737
35 30 0.39528470752104744
35 31 0.5153882032022076
35 32 0.6373774391990981
35 33 0.25
35 34 0.125
35 35 0.0
35 36 0.125
35 37 0.25
35 38 0.375
35 39 0.5
35 40 0.625
35 41 0.2795084971874737
35 42 0.1767766952966369
35 43 0.125
35 44 0.1767766952966369
35 45 0.2795084971874737
35 46 0.39528470752104744
35 47 0.5153882032022076
35 48 0.6373774391990981
35 49 0.3535533905932738
35 50 0.2795084971874737
35 51 0.25
35 52 0.2795084971874737
35 53 0.3535533905932738
35 54 0.45069390943299864
35 55 0.5590169943749475
35 56 0.673145600891813
35 57 0.45069390943299864
35 58 0.39528470752104744
35 59 0.375
35 60 0.39528470752104744
35 61 0.45069390943299864
35 62 0.5303300858899106
35 63 0.625
35 64 0.7288689868556626
36 1 0.625
36 2 0.5590169943749475
36 3 0.5153882032022076
36 4 0.5
36 5 0.5153882032022076
36 6 0.5590169943749475
36 7 0.625
36 8 0.7071067811865476
36 9 0.5303300858899106
36 10 0.45069390943299864
36 11 0.39528470752104744
36 12 0.375
36 13 0.39528470752104744
36 14 0.45069390943299864
36 15 0.5303300858899106
36 16 0.625
36 17 0.45069390943299864
36 18 0.3535533905932738
36 19 0.2795084971874737
36 20 0.25
36 21 0.2795084971874737
36 22 0.3535533905932738
36 23 0.45069390943299864
36 24 0.5590169943749475
36 25 0.39528470752104744
36 26 0.2795084971874737
36 27 0.1767766952966369
36 28 0.125
36 29 0.1767766952966369
36 30 0.2795084971874737
36 31 0.39528470752104744
36 32 0.5153882032022076
36 33 0.375
36 34 0.25
36 35 0.125
36 36 0.0
36 37 0.125
36 38 0.25
36 39 0.375
36 40 0.5
36 41 0.39528470752104744
36 42 0.2795084971874737
36 43 0.1767766952966369
36 44 0.125
36 45 0.1767766952966369
36 46 0.2795084971874737
36 47 0.39528470752104744
36 48 0.5153882032022076
36 49 0.45069390943299864
36 50 0.3535533905932738
36 51 0.2795084971874737
36 52 0.25
36 53 0.2795084971874737
36 54 0.3535533905932738
36 55 0.45069390943299864
36 56 0.5590169943749475
36 57 0.5303300858899106
36 58 0.45069390943299864
36 59 0.39528470752104744
36 60 0.375
36 61 0.39528470752104744
36 62 0.45069390943299864
36 63 0.5303300858899106
36 64 0.625
37 1 0.7071067811865476
37 2 0.625
37 3 0.5590169943749475
37 4 0.5153882032022076
37 5 0.5
37 6 0.5153882032022076
37 7 0.5590169943749475
37 8 0.625
37 9 0.625
37 10 0.5303300858899106
37 11 0.45069390943299864
37 12 0.39528470752104744
37 13 0.375
37 14 0.39528470752104744
37 15 0.45069390943299864
37 16 0.5303300858899106
37 17 0.5590169943749475
37 18 0.45069390943299864
37 19 0.3535533905932738
37 20 0.2795084971874737
37 21 0.25
37 22 0.2795084971874737
37 23 0.3535533905932738
37 24 0.45069390943299864
37 25 0.5153882032022076
37 26 0.39528470752104744
37 27 0.2795084971874737
37 28 0.1767766952966369
37 29 0.125
37 30 0.1767766952966369
37 31 0.2795084971874737
37 32 0.39528470752104744
37 33 0.5
37 34 0.375
37 35 0.25
37 36 0.125
37 37 0.0
37 38 0.125
37 39 0.25
37 40 0.375
37 41 0.5153882032022076
37 42 0.39528470752104744
37 43 0.2795084971874737
37 44 0.1767766952966369
37 45 0.125
37 46 0.1767766952966369
37 47 0.2795084971874737
37 48 0.39528470752104744
37 49 0.5590169943749475
37 50 0.45069390943299864
37 51 0.3535533905932738
37 52 0.2795084971874737
37 53 0.25
37 54 0.2795084971874737
37 55 0.3535533905932738
37 56 0.45069390943299864
37 57 0.625
37 58 0.5303300858899106
37 59 0.45069390943299864
37 60 0.39528470752104744
37 61 0.375
37 62 0.39528470752104744
37 63 0.45069390943299864
37 64 0.5303300858899106
38 1 0.8003905296791061
38 2 0.7071067811865476
38 3 0.625
38 4 0.5590169943749475
38 5 0.5153882032022076
38 6 0.5
38 7 0.5153882032022076
38 8 0.5590169943749475
38 9 0.7288689868556626
38 10 0.625
38 11 0.5303300858899106
38 12 0.45069390943299864
38 13 0.39528470752104744
38 14 0.375
38 15 0.39528470752104744
38 16 0.45069390943299864
38 17 0.673145600891813
38 18 0.5590169943749475
38 19 0.45069390943299864
38 20 0.3535533905932738
38 21 0.2795084971874737
38 22 0.25
38 23 0.2795084971874737
38 24 0.3535533905932738
38 25 0.6373774391990981
38 26 0.5153882032022076
38 27 0.39528470752104744
38 28 0.2795084971874737
38 29 0.1767766952966369
38 30 0.125
38 31 0.1767766952966369
38 32 0.2795084971874737
38 33 0.625
38 34 0.5
38 35 0.375
38 36 0.25
38 37 0.125
38 38 0.0
38 39 0.125
38 40 0.25
38 41 0.6373774391990981
38 42 0.5153882032022076
38 43 0.39528470752104744
38 44 0.2795084971874737
38 45 0.1767766952966369
38 46 0.125
38 47 0.1767766952966369
38 48 0.2795084971874737
38 49 0.673145600891813
38 50 0.5590169943749475
38 51 0.45069390943299864
38 52 0.3535533905932738
38 53 0.2795084971874737
38 54 0.25
38 55 0.2795084971874737
38 56 0.3535533905932738
38 57 0.7288689868556626
38 58 0.625
38 59 0.5303300858899106
38 60 0.45069390943299864
38 61 0.39528470752104744
38 62 0.375
38 63 0.39528470752104744
38 64 0.45069390943299864
39 1 0.9013878188659973
39 2 0.8003905296791061
39 3 0.7071067811865476
39 4 0.625
39 5 0.5590169943749475
39 6 0.5153882032022076
39 7 0.5
39 8 0.5153882032022076
39 9 0.8385254915624212
39 10 0.7288689868556626
39 11 0.625
39 12 0.5303300858899106
39 13 0.45069390943299864
39 14 0.39528470752104744
39 15 0.375
39 16 0.39528470752104744
39 17 0.7905694150420949
39 18 0.673145600891813
39 19 0.5590169943749475
39 20 0.45069390943299864
39 21 0.3535533905932738
39 22 0.2795084971874737
39 23 0.25
39 24 0.2795084971874737
39 25 0.7603453162872774
39 26 0.6373774391990981
39 27 0.5153882032022076
39 28 0.39528470752104744
39 29 0.2795084971874737
39 30 0.1767766952966369
39 31 0.125
39 32 0.1767766952966369
39 33 0.75
39 34 0.625
39 35 0.5
39 36 0.375
39 37 0.25
39 38 0.125
39 39 0.0
39 40 0.125
39 41 0.7603453162872774
39 42 0.6373774391990981
39 43 0.5153882032022076
39 44 0.39528470752104744
39 45 0.2795084971874737
39 46 0.1767766952966369
39 47 0.125
39 48 0.1767766952966369
39 49 0.7905694150420949
39 50 0.673145600891813
39 51 0.5590169943749475
39 52 0.45069390943299864
39 53 0.3535533905932738
39 54 0.2795084971874737
39 55 0.25
39 56 0.2795084971874737
39 57 0.8385254915624212
39 58 0.7288689868556626
39 59 0.625
39 60 0.5303300858899106
39 61 0.45069390943299864
39 62 0.39528470752104744
39 63 0.375
39 64 0.39528470752104744
40 1 1.0077822185373186
40 2 0.9013878188659973
40 3 0.8003905296791061
40 4 0.7071067811865476
40 5 0.625
40 6 0.5590169943749475
40 7 0.5153882032022076
40 8 0.5
40 9 0.9519716382329886
40 10 0.8385254915624212
40 11 0.7288689868556626
40 12 0.625
40 13 0.5303300858899106
40 14 0.45069390943299864
40 15 0.39528470752104744
40 16 0.375
40 17 0.9100137361600648
40 18 0.7905694150420949
40 19 0.673145600891813
40 20 0.5590169943749475
40 21 0.45069390943299864
40 22 0.3535533905932738
40 23 0.2795084971874737
40 24 0.25
40 25 0.8838834764831844
40 26 0.7603453162872774
40 27 0.6373774391990981
40 28 0.5153882032022076
40 29 0.39528470752104744
40 30 0.2795084971874737
40 31 0.1767766952966369
40 32 0.125
40 33 0.875
40 34 0.75
40 35 0.625
40 36 0.5
40 37 0.375
40 38 0.25
40 39 0.125
40 40 0.0
40 41 0.8838834764831844
40 42 0.7603453162872774
40 43 0.6373774391990981
40 44 0.5153882032022076
40 45 0.39528470752104744
40 46 0.2795084971874737
40 47 0.1767766952966369
40 48 0.125
40 49 0.9100137361600648
40 50 0.7905694150420949
40 51 0.673145600891813
40 52 0.5590169943749475
40 53 0.45069390943299864
40 54 0.3535533905932738
40 55 0.2795084971874737
40 56 0.25
40 57 0.9519716382329886
40 58 0.8385254915624212
40 59 0.7288689868556626
40 60 0.625
40 61 0.5303300858899106
40 62 0.45069390943299864
40 63 0.39528470752104744
40 64 0.375
41 1 0.625
41 2 0.6373774391990981
41 3 0.673145600891813
41 4 0.7288689868556626
41 5 0.8003905296791061
41 6 0.8838834764831844
41 7 0.9762812094883317
41 8 1.0752906583803283
41 9 0.5
41 10 0.5153882032022076
41 11 0.5590169943749475
41 12 0.625
41 13 0.7071067811865476
41 14 0.8003905296791061
41 15 0.9013878188659973
41 16 1.0077822185373186
41 17 0.375
41 18 0.39528470752104744
41 19 0.45069390943299864
41 20 0.5303300858899106
41 21 0.625
41 22 0.7288689868556626
41 23 0.8385254915624212
41 24 0.9519716382329886
41 25 0.25
41 26 0.2795084971874737
41 27 0.3535533905932738
41 28 0.45069390943299864
41 29 0.5590169943749475
41 30 0.673145600891813
41 31 0.7905694150420949
41 32 0.9100137361600648
41 33 0.125
41 34 0.1767766952966369
41 35 0.2795084971874737
41 36 0.39528470752104744
41 37 0.5153882032022076
41 38 0.6373774391990981
41 39 0.7603453162872774
41 40 0.8838834764831844
41 41 0.0
41 42 0.125
41 43 0.25
41 44 0.375
41 45 0.5
41 46 0.625
41 47 0.75
41 48 0.875
41 49 0.125
41 50 0.1767766952966369
41 51 0.2795084971874737
41 52 0.39528470752104744
41 53 0.5153882032022076
41 54 0.6373774391990981
41 55 0.7603453162872774
41 56 0.8838834764831844
41 57 0.25
41 58 0.2795084971874737
41 59 0.3535533905932738
41 60 0.45069390943299864
41 61 0.5590169943749475
41 62 0.673145600891813
41 63 0.7905694150420949
41 64 0.9100137361600648
42 1 0.6373774391990981
42 2 0.625
42 3 0.6373774391990981
42 4 0.673145600891813
42 5 0.7288689868556626
42 6 0.8003905296791061
42 7 0.8838834764831844
42 8 0.9762812094883317
42 9 0.5153882032022076
42 10 0.5
42 11 0.5153882032022076
42 12 0.5590169943749475
42 13 0.625
42 14 0.7071067811865476
42 15 0.8003905296791061
42 16 0.9013878188659973
42 17 0.39528470752104744
42 18 0.375
42 19 0.39528470752104744
42 20 0.45069390943299864
42 21 0.5303300858899106
42 22 0.625
42 23 0.7288689868556626
42 24 0.8385254915624212
42 25 0.2795084971874737
42 26 0.25
42 27 0.2795084971874737
42 28 0.3535533905932738
42 29 0.45069390943299864
42 30 0.5590169943749475
42 31 0.673145600891813
42 32 0.7905694150420949
42 33 0.1767766952966369
42 34 0.125
42 35 0.1767766952966369
42 36 0.2795084971874737
42 37 0.39528470752104744
42 38 0.5153882032022076
42 39 0.6373774391990981
42 40 0.7603453162872774
42 41 0.125
42 42 0.0
42 43 0.125
42 44 0.25
42 45 0.375
42 46 0.5
42 47 0.625
42 48 0.75
42 49 0.1767766952966369
42 50 0.125
42 51 0.1767766952966369
42 52 0.2795084971874737
42 53 0.39528470752104744
42 54 0.5153882032022076
42 55 0.6373774391990981
42 56 0.7603453162872774
42 57 0.2795084971874737
42 58 0.25
42 59 0.2795084971874737
42 60 0.3535533905932738
42 61 0.45069390943299864
42 62 0.5590169943749475
42 63 0.673145600891813
42 64 0.7905694150420949
43 1 0.673145600891813
43 2 0.6373774391990981
43 3 0.625
43 4 0.6373774391990981
43 5 0.673145600891813
43 6 0.7288689868556626
43 7 0.8003905296791061
43 8 0.8838834764831844
43 9 0.5590169943749475
43 10 0.5153882032022076
43 11 0.5
43 12 0.5153882032022076
43 13 0.5590169943749475
43 14 0.625
43 15 0.7071067811865476
43 16 0.8003905296791061
43 17 0.45069390943299864
43 18 0.39528470752104744
43 19 0.375
43 20 0.39528470752104744
43 21 0.45069390943299864
43 22 0.5303300858899106
43 23 0.625
43 24 0.7288689868556626
43 25 0.3535533905932738
43 26 0.2795084971874737
43 27 0.25
43 28 0.2795084971874737
43 29 0.3535533905932738
43 30 0.45069390943299864
43 31 0.5590169943749475
43 32 0.673145600891813
43 33 0.2795084971874737
43 34 0.1767766952966369
43 35 0.125
43 36 0.1767766952966369
43 37 0.2795084971874737
43 38 0.39528470752104744
43 39 0.5153882032022076
43 40 0.6373774391990981
43 41 0.25
43 42 0.125
43 43 0.0
43 44 0.125
43 45 0.25
43 46 0.375
43 47 0.5
43 48 0.625
43 49 0.2795084971874737
43 50 0.1767766952966369
43 51 0.125
43 52 0.1767766952966369
43 53 0.2795084971874737
43 54 0.39528470752104744
43 55 0.5153882032022076
43 56 0.6373774391990981
43 57 0.3535533905932738
43 58 0.2795084971874737
43 59 0.25
43 60 0.2795084971874737
43 61 0.3535533905932738
43 62 0.45069390943299864
43 63 0.5590169943749475
43 64 0.673145600891813
44 1 0.7288689868556626
44 2 0.673145600891813
44 3 0.6373774391990981
44 4 0.625
44 5 0.6373774391990981
44 6 0.673145600891813
44 7 0.7288689868556626
44 8 0.8003905296791061
44 9 0.625
44 10 0.5590169943749475
44 11 0.5153882032022076
44 12 0.5
44 13 0.5153882032022076
44 14 0.5590169943749475
44 15 0.625
44 16 0.7071067811865476
44 17 0.5303300858899106
44 18 0.45069390943299864
44 19 0.39528470752104744
44 20 0.375
44 21 0.39528470752104744
44 22 0.45069390943299864
44 23 0.5303300858899106
44 24 0.625
44 25 0.45069390943299864
44 26 0.3535533905932738
44 27 0.2795084971874737
44 28 0.25
44 29 0.2795084971874737
44 30 0.3535533905932738
44 31 0.45069390943299864
44 32 0.5590169943749475
44 33 0.39528470752104744
44 34 0.2795084971874737
44 35 0.1767766952966369
44 36 0.125
44 37 0.1767766952966369
44 38 0.2795084971874737
44 39 0.39528470752104744
44 40 0.5153882032022076
44 41 0.375
44 42 0.25
44 43 0.125
44 44 0.0
44 45 0.125
44 46 0.25
44 47 0.375
44 48 0.5
44 49 0.39528470752104744
44 50 0.2795084971874737
44 51 0.1767766952966369
44 52 0.125
44 53 0.1767766952966369
44 54 0.2795084971874737
44 55 0.39528470752104744
44 56 0.5153882032022076
44 57 0.45069390943299864
44 58 0.3535533905932738
44 59 0.2795084971874737
44 60 0.25
44 61 0.2795084971874737
44 62 0.3535533905932738
44 63 0.45069390943299864
44 64 0.5590169943749475
45 1 0.8003905296791061
45 2 0.7288689868556626
45 3 0.673145600891813
45 4 0.6373774391990981
45 5 0.625
45 6 0.6373774391990981
45 7 0.673145600891813
45 8 0.7288689868556626
45 9 0.7071067811865476
45 10 0.625
45 11 0.5590169943749475
45 12 0.5153882032022076
45 13 0.5
45 14 0.5153882032022076
45 15 0.5590169943749475
45 16 0.625
45 17 0.625
45 18 0.5303300858899106
45 19 0.45069390943299864
45 20 0.39528470752104744
45 21 0.375
45 22 0.39528470752104744
45 23 0.45069390943299864
45 24 0.5303300858899106
45 25 0.5590169943749475
45 26 0.45069390943299864
45 27 0.3535533905932738
45 28 0.2795084971874737
45 29 0.25
45 30 0.2795084971874737
45 31 0.3535533905932738
45 32 0.45069390943299864
45 33 0.5153882032022076
45 34 0.39528470752104744
45 35 0.2795084971874737
45 36 0.1767766952966369
45 37 0.125
45 38 0.1767766952966369
45 39 0.2795084971874737
45 40 0.39528470752104744
45 41 0.5
45 42 0.375
45 43 0.25
45 44 0.125
45 45 0.0
45 46 0.125
45 47 0.25
45 48 0.375
45 49 0.5153882032022076
45 50 0.39528470752104744
45 51 0.2795084971874737
45 52 0.1767766952966369
45 53 0.125
45 54 0.1767766952966369
45 55 0.2795084971874737
45 56 0.39528470752104744
45 57 0.5590169943749475
45 58 0.45069390943299864
45 59 0.3535533905932738
45 60 0.2795084971874737
45 61 0.25
45 62 0.2795084971874737
45 63 0.3535533905932738
45 64 0.45069390943299864
46 1 0.8838834764831844
46 2 0.8003905296791061
46 3 0.7288689868556626
46 4 0.673145600891813
46 5 0.6373774391990981
46 6 0.625
46 7 0.6373774391990981
46 8 0.673145600891813
46 9 0.8003905296791061
46 10 0.7071067811865476
46 11 0.625
46 12 0.5590169943749475
46 13 0.5153882032022076
46 14 0.5
46 15 0.5153882032022076
46 16 0.5590169943749475
46 17 0.7288689868556626
46 18 0.625
46 19 0.5303300858899106
46 20 0.45069390943299864
46 21 0.39528470752104744
46 22 0.375
46 23 0.39528470752104744
46 24 0.45069390943299864
46 25 0.673145600891813
46 26 0.5590169943749475
46 27 0.45069390943299864
46 28 0.3535533905932738
46 29 0.2795084971874737
46 30 0.25
46 31 0.2795084971874737
46 32 0.3535533905932738
46 33 0.6373774391990981
46 34 0.5153882032022076
46 35 0.39528470752104744
46 36 0.2795084971874737
46 37 0.1767766952966369
46 38 0.125
46 39 0.1767766952966369
46 40 0.2795084971874737
46 41 0.625
46 42 0.5
46 43 0.375
46 44 0.25
46 45 0.125
46 46 0.0
46 47 0.125
46 48 0.25
46 49 0.6373774391990981
46 50 0.5153882032022076
46 51 0.39528470752104744
46 52 0.2795084971874737
46 53 0.1767766952966369
46 54 0.125
46 55 0.1767766952966369
46 56 0.2795084971874737
46 57 0.673145600891813
46 58 0.5590169943749475
46 59 0.45069390943299864
46 60 0.3535533905932738
46 61 0.2795084971874737
46 62 0.25
46 63 0.2795084971874737
46 64 0.3535533905932738
47 1 0.9762812094883317
47 2 0.8838834764831844
47 3 0.8003905296791061
47 4 0.7288689868556626
47 5 0.673145600891813
47 6 0.6373774391990981
47 7 0.625
47 8 0.6373774391990981
47 9 0.9013878188659973
47 10 0.8003905296791061
47 11 0.7071067811865476
47 12 0.625
47 13 0.5590169943749475
47 14 0.5153882032022076
47 15 0.5
47 16 0.5153882032022076
47 17 0.8385254915624212
47 18 0.7288689868556626
47 19 0.625
47 20 0.5303300858899106
47 21 0.45069390943299864
47 22 0.39528470752104744
47 23 0.375
47 24 0.39528470752104744
47 25 0.7905694150420949
47 26 0.673145600891813
47 27 0.5590169943749475
47 28 0.45069390943299864
47 29 0.3535533905932738
47 30 0.2795084971874737
47 31 0.25
47 32 0.2795084971874737
47 33 0.7603453162872774
47 34 0.6373774391990981
47 35 0.5153882032022076
47 36 0.39528470752104744
47 37 0.2795084971874737
47 38 0.1767766952966369
47 39 0.125
47 40 0.1767766952966369
47 41 0.75
47 42 0.625
47 43 0.5
47 44 0.375
47 45 0.25
47 46 0.125
47 47 0.0
47 48 0.125
47 49 0.7603453162872774
47 50 0.6373774391990981
47 51 0.5153882032022076
47 52 0.39528470752104744
47 53 0.2795084971874737
47 54 0.1767766952966369
47 55 0.125
47 56 0.1767766952966369
47 57 0.7905694150420949
47 58 0.673145600891813
47 59 0.5590169943749475
47 60 0.45069390943299864
47 61 0.3535533905932738
47 62 0.2795084971874737
47 63 0.25
47 64 0.2795084971874737
48 1 1.0752906583803283
48 2 0.9762812094883317
48 3 0.8838834764831844
48 4 0.8003905296791061
48 5 0.7288689868556626
48 6 0.673145600891813
48 7 0.6373774391990981
48 8 0.625
48 9 1.0077822185373186
48 10 0.9013878188659973
48 11 0.8003905296791061
48 12 0.7071067811865476
48 13 0.625
48 14 0.5590169943749475
48 15 0.5153882032022076
48 16 0.5
48 17 0.9519716382329886
48 18 0.8385254915624212
48 19 0.7288689868556626
48 20 0.625
48 21 0.5303300858899106
48 22 0.45069390943299864
48 23 0.39528470752104744
48 24 0.375
48 25 0.9100137361600648
48 26 0.7905694150420949
48 27 0.673145600891813
48 28 0.5590169943749475
48 29 0.45069390943299864
48 30 0.3535533905932738
48 31 0.2795084971874737
48 32 0.25
48 33 0.8838834764831844
48 34 0.7603453162872774
48 35 0.6373774391990981
48 36 0.5153882032022076
48 37 0.39528470752104744
48 38 0.2795084971874737
48 39 0.1767766952966369
48 40 0.125
48 41 0.875
48 42 0.75
48 43 0.625
48 44 0.5
48 45 0.375
48 46 0.25
48 47 0.125
48 48 0.0
48 49 0.8838834764831844
48 50 0.7603453162872774
48 51 0.6373774391990981
48 52 0.5153882032022076
48 53 0.39528470752104744
48 54 0.2795084971874737
48 55 0.1767766952966369
48 56 0.125
48 57 0.9100137361600648
48 58 0.7905694150420949
48 59 0.673145600891813
48 60 0.5590169943749475
48 61 0.45069390943299864
48 62 0.3535533905932738
48 63 0.2795084971874737
48 64 0.25
49 1 0.75
49 2 0.7603453162872774
49 3 0.7905694150420949
49 4 0.8385254915624212
49 5 0.9013878188659973
49 6 0.9762812094883317
49 7 1.0606601717798212
49 8 1.1524430571616109
49 9 0.625
49 10 0.6373774391990981
49 11 0.673145600891813
49 12 0.7288689868556626
49 13 0.8003905296791061
49 14 0.8838834764831844
49 15 0.9762812094883317
49 16 1.0752906583803283
49 17 0.5
49 18 0.5153882032022076
49 19 0.5590169943749475
49 20 0.625
49 21 0.7071067811865476
49 22 0.8003905296791061
49 23 0.9013878188659973
49 24 1.0077822185373186
49 25 0.375
49 26 0.39528470752104744
49 27 0.45069390943299864
49 28 0.5303300858899106
49 29 0.625
49 30 0.7288689868556626
49 31 0.8385254915624212
49 32 0.9519716382329886
49 33 0.25
49 34 0.2795084971874737
49 35 0.3535533905932738
49 36 0.45069390943299864
49 37 0.5590169943749475
49 38 0.673145600891813
49 39 0.7905694150420949
49 40 0.9100137361600648
49 41 0.125
49 42 0.1767766952966369
49 43 0.2795084971874737
49 44 0.39528470752104744
49 45 0.5153882032022076
49 46 0.6373774391990981
49 47 0.7603453162872774
49 48 0.8838834764831844
49 49 0.0
49 50 0.125
49 51 0.25
49 52 0.375
49 53 0.5
49 54 0.625
49 55 0.75
49 56 0.875
49 57 0.125
49 58 0.1767766952966369
49 59 0.2795084971874737
49 60 0.39528470752104744
49 61 0.5153882032022076
49 62 0.6373774391990981
49 63 0.7603453162872774
49 64 0.8838834764831844
50 1 0.7603453162872774
50 2 0.75
50 3 0.7603453162872774
50 4 0.7905694150420949
50 5 0.8385254915624212
50 6 0.9013878188659973
50 7 0.9762812094883317
50 8 1.0606601717798212
50 9 0.6373774391990981
50 10 0.625
50 11 0.6373774391990981
50 12 0.673145600891813
50 13 0.7288689868556626
50 14 0.8003905296791061
50 15 0.8838834764831844
50 16 0.9762812094883317
50 17 0.5153882032022076
50 18 0.5
50 19 0.5153882032022076
50 20 0.5590169943749475
50 21 0.625
50 22 0.7071067811865476
50 23 0.8003905296791061
50 24 0.9013878188659973
50 25 0.39528470752104744
50 26 0.375
50 27 0.39528470752104744
50 28 0.45069390943299864
50 29 0.5303300858899106
50 30 0.625
50 31 0.7288689868556626
50 32 0.8385254915624212
50 33 0.2795084971874737
50 34 0.25
50 35 0.2795084971874737
50 36 0.3535533905932738
50 37 0.45069390943299864
50 38 0.5590169943749475
50 39 0.673145600891813
50 40 0.7905694150420949
50 41 0.1767766952966369
50 42 0.125
50 43 0.1767766952966369
50 44 0.2795084971874737
50 45 0.39528470752104744
50 46 0.5153882032022076
50 47 0.6373774391990981
50 48 0.7603453162872774
50 49 0.125
50 50 0.0
50 51 0.125
50 52 0.25
50 53 0.375
50 54 0.5
50 55 0.625
50 56 0.75
50 57 0.1767766952966369
50 58 0.125
50 59 0.1767766952966369
50 60 0.2795084971874737
50 61 0.39528470752104744
50 62 0.5153882032022076
50 63 0.6373774391990981
50 64 0.7603453162872774
51 1 0.7905694150420949
51 2 0.7603453162872774
51 3 0.75
51 4 0.7603453162872774
51 5 0.7905694150420949
51 6 0.8385254915624212
51 7 0.9013878188659973
51 8 0.9762812094883317
51 9 0.673145600891813
51 10 0.6373774391990981
51 11 0.625
51 12 0.6373774391990981
51 13 0.673145600891813
51 14 0.7288689868556626
51 15 0.8003905296791061
51 16 0.8838834764831844
51 17 0.5590169943749475
51 18 0.5153882032022076
51 19 0.5
51 20 0.5153882032022076
51 21 0.5590169943749475
51 22 0.625
51 23 0.7071067811865476
51 24 0.8003905296791061
51 25 0.45069390943299864
51 26 0.39528470752104744
51 27 0.375
51 28 0.39528470752104744
51 29 0.45069390943299864
51 30 0.5303300858899106
51 31 0.625
51 32 0.7288689868556626
51 33 0.3535533905932738
51 34 0.2795084971874737
51 35 0.25
51 36 0.2795084971874737
51 37 0.3535533905932738
51 38 0.45069390943299864
51 39 0.5590169943749475
51 40 0.673145600891813
51 41 0.2795084971874737
51 42 0.1767766952966369
51 43 0.125
51 44 0.1767766952966369
51 45 0.2795084971874737
51 46 0.39528470752104744
51 47 0.5153882032022076
51 48 0.6373774391990981
51 49 0.25
51 50 0.125
51 51 0.0
51 52 0.125
51 53 0.25
51 54 0.375
51 55 0.5
51 56 0.625
51 57 0.2795084971874737
51 58 0.1767766952966369
51 59 0.125
51 60 0.1767766952966369
51 61 0.2795084971874737
51 62 0.39528470752104744
51 63 0.5153882032022076
51 64 0.6373774391990981
52 1 0.8385254915624212
52 2 0.7905694150420949
52 3 0.7603453162872774
52 4 0.75
52 5 0.7603453162872774
52 6 0.7905694150420949
52 7 0.8385254915624212
52 8 0.9013878188659973
52 9 0.7288689868556626
52 10 0.673145600891813
52 11 0.6373774391990981
52 12 0.625
52 13 0.6373774391990981
52 14 0.673145600891813
52 15 0.7288689868556626
52 16 0.8003905296791061
52 17 0.625
52 18 0.5590169943749475
52 19 0.5153882032022076
52 20 0.5
52 21 0.5153882032022076
52 22 0.5590169943749475
52 23 0.625
52 24 0.7071067811865476
52 25 0.5303300858899106
52 26 0.45069390943299864
52 27 0.39528470752104744
52 28 0.375
52 29 0.39528470752104744
52 30 0.45069390943299864
52 31 0.5303300858899106
52 32 0.625
52 33 0.45069390943299864
52 34 0.3535533905932738
52 35 0.2795084971874737
52 36 0.25
52 37 0.2795084971874737
52 38 0.3535533905932738
52 39 0.45069390943299864
52 40 0.5590169943749475
52 41 0.39528470752104744
52 42 0.2795084971874737
52 43 0.1767766952966369
52 44 0.125
52 45 0.1767766952966369
52 46 0.2795084971874737
52 47 0.39528470752104744
52 48 0.5153882032022076
52 49 0.375
52 50 0.25
52 51 0.125
52 52 0.0
52 53 0.125
52 54 0.25
52 55 0.375
52 56 0.5
52 57 0.39528470752104744
52 58 0.2795084971874737
52 59 0.1767766952966369
52 60 0.125
52 61 0.1767766952966369
52 62 0.2795084971874737
52 63 0.39528470752104744
52 64 0.5153882032022076
53 1 0.9013878188659973
53 2 0.8385254915624212
53 3 0.7905694150420949
53 4 0.7603453162872774
53 5 0.75
53 6 0.7603453162872774
53 7 0.7905694150420949
53 8 0.8385254915624212
53 9 0.8003905296791061
53 10 0.7288689868556626
53 11 0.673145600891813
53 12 0.6373774391990981
53 13 0.625
53 14 0.6373774391990981
53 15 0.673145600891813
53 16 0.7288689868556626
53 17 0.7071067811865476
53 18 0.625
53 19 0.5590169943749475
53 20 0.5153882032022076
53 21 0.5
53 22 0.5153882032022076
53 23 0.5590169943749475
53 24 0.625
53 25 0.625
53 26 0.5303300858899106
53 27 0.45069390943299864
53 28 0.39528470752104744
53 29 0.375
53 30 0.39528470752104744
53 31 0.45069390943299864
53 32 0.5303300858899106
53 33 0.5590169943749475
53 34 0.45069390943299864
53 35 0.3535533905932738
53 36 0.2795084971874737
53 37 0.25
53 38 0.2795084971874737
53 39 0.3535533905932738
53 40 0.45069390943299864
53 41 0.5153882032022076
53 42 0.39528470752104744
53 43 0.2795084971874737
53 44 0.1767766952966369
53 45 0.125
53 46 0.1767766952966369
53 47 0.2795084971874737
53 48 0.39528470752104744
53 49 0.5
53 50 0.375
53 51 0.25
53 52 0.125
53 53 0.0
53 54 0.125
53 55 0.25
53 56 0.375
53 57 0.5153882032022076
53 58 0.39528470752104744
53 59 0.2795084971874737
53 60 0.1767766952966369
53 61 0.125
53 62 0.1767766952966369
53 63 0.2795084971874737
53 64 0.39528470752104744
54 1 0.9762812094883317
54 2 0.9013878188659973
54 3 0.8385254915624212
54 4 0.7905694150420949
54 5 0.7603453162872774
54 6 0.75
54 7 0.7603453162872774
54 8 0.7905694150420949
54 9 0.8838834764831844
54 10 0.8003905296791061
54 11 0.7288689868556626
54 12 0.673145600891813
54 13 0.6373774391990981
54 14 0.625
54 15 0.6373774391990981
54 16 0.673145600891813
54 17 0.8003905296791061
54 18 0.7071067811865476
54 19 0.625
54 20 0.5590169943749475
54 21 0.5153882032022076
54 22 0.5
54 23 0.5153882032022076
54 24 0.5590169943749475
54 25 0.7288689868556626
54 26 0.625
54 27 0.5303300858899106
54 28 0.45069390943299864
54 29 0.39528470752104744
54 30 0.375
54 31 0.39528470752104744
54 32 0.45069390943299864
54 33 0.673145600891813
54 34 0.5590169943749475
54 35 0.45069390943299864
54 36 0.3535533905932738
54 37 0.2795084971874737
54 38 0.25
54 39 0.2795084971874737
54 40 0.3535533905932738
54 41 0.6373774391990981
54 42 0.5153882032022076
54 43 0.39528470752104744
54 44 0.2795084971874737
54 45 0.1767766952966369
54 46 0.125
54 47 0.1767766952966369
54 48 0.2795084971874737
54 49 0.625
54 50 0.5
54 51 0.375
54 52 0.25
54 53 0.125
54 54 0.0
54 55 0.125
54 56 0.25
54 57 0.6373774391990981
54 58 0.5153882032022076
54 59 0.39528470752104744
54 60 0.2795084971874737
54 61 0.1767766952966369
54 62 0.125
54 63 0.1767766952966369
54 64 0.2795084971874737
55 1 1.0606601717798212
55 2 0.9762812094883317
55 3 0.9013878188659973
55 4 0.8385254915624212
55 5 0.7905694150420949
55 6 0.7603453162872774
55 7 0.75
55 8 0.7603453162872774
55 9 0.9762812094883317
55 10 0.8838834764831844
55 11 0.8003905296791061
55 12 0.7288689868556626
55 13 0.673145600891813
55 14 0.6373774391990981
55 15 0.625
55 16 0.6373774391990981
55 17 0.9013878188659973
55 18 0.8003905296791061
55 19 0.7071067811865476
55 20 0.625
55 21 0.5590169943749475
55 22 0.5153882032022076
55 23 0.5
55 24 0.5153882032022076
55 25 0.8385254915624212
55 26 0.7288689868556626
55 27 0.625
55 28 0.5303300858899106
55 29 0.45069390943299864
55 30 0.39528470752104744
55 31 0.375
55 32 0.39528470752104744
55 33 0.7905694150420949
55 34 0.673145600891813
55 35 0.5590169943749475
55 36 0.45069390943299864
55 37 0.3535533905932738
55 38 0.2795084971874737
55 39 0.25
55 40 0.2795084971874737
55 41 0.7603453162872774
55 42 0.6373774391990981
55 43 0.5153882032022076
55 44 0.39528470752104744
55 45 0.2795084971874737
55 46 0.1767766952966369
55 47 0.125
55 48 0.1767766952966369
55 49 0.75
55 50 0.625
55 51 0.5
55 52 0.375
55 53 0.25
55 54 0.125
55 55 0.0
55 56 0.125
55 57 0.7603453162872774
55 58 0.6373774391990981
55 59 0.5153882032022076
55 60 0.39528470752104744
55 61 0.2795084971874737
55 62 0.1767766952966369
55 63 0.125
55 64 0.1767766952966369
56 1 1.1524430571616109
56 2 1.0606601717798212
56 3 0.9762812094883317
56 4 0.9013878188659973
56 5 0.8385254915624212
56 6 0.7905694150420949
56 7 0.7603453162872774
56 8 0.75
56 9 1.0752906583803283
56 10 0.9762812094883317
56 11 0.8838834764831844
56 12 0.8003905296791061
56 13 0.7288689868556626
56 14 0.673145600891813
56 15 0.6373774391990981
56 16 0.625
56 17 1.0077822185373186
56 18 0.9013878188659973
56 19 0.8003905296791061
56 20 0.7071067811865476
56 21 0.625
56 22 0.5590169943749475
56 23 0.5153882032022076
56 24 0.5
56 25 0.9519716382329886
56 26 0.8385254915624212
56 27 0.7288689868556626
56 28 0.625
56 29 0.5303300858899106
56 30 0.45069390943299864
56 31 0.39528470752104744
56 32 0.375
56 33 0.9100137361600648
56 34 0.7905694150420949
56 35 0.673145600891813
56 36 0.5590169943749475
56 37 0.45069390943299864
56 38 0.3535533905932738
56 39 0.2795084971874737
56 40 0.25
56 41 0.8838834764831844
56 42 0.7603453162872774
56 43 0.6373774391990981
56 44 0.5153882032022076
56 45 0.39528470752104744
56 46 0.2795084971874737
56 47 0.1767766952966369
56 48 0.125
56 49 0.875
56 50 0.75
56 51 0.625
56 52 0.5
56 53 0.375
56 54 0.25
56 55 0.125
56 56 0.0
56 57 0.8838834764831844
56 58 0.7603453162872774
56 59 0.6373774391990981
56 60 0.5153882032022076
56 61 0.39528470752104744
56 62 0.2795084971874737
56 63 0.1767766952966369
56 64 0.125
57 1 0.875
57 2 0.8838834764831844
57 3 0.9100137361600648
57 4 0.9519716382329886
57 5 1.0077822185373186
57 6 1.0752906583803283
57 7 1.1524430571616109
57 8 1.2374368670764582
57 9 0.75
57 10 0.7603453162872774
57 11 0.7905694150420949
57 12 0.8385254915624212
57 13 0.9013878188659973
57 14 0.9762812094883317
57 15 1.0606601717798212
57 16 1.1524430571616109
57 17 0.625
57 18 0.6373774391990981
57 19 0.673145600891813
57 20 0.7288689868556626
57 21 0.8003905296791061
57 22 0.8838834764831844
57 23 0.9762812094883317
57 24 1.0752906583803283
57 25 0.5
57 26 0.5153882032022076
57 27 0.5590169943749475
57 28 0.625
57 29 0.7071067811865476
57 30 0.8003905296791061
57 31 0.9013878188659973
57 32 1.0077822185373186
57 33 0.375
57 34 0.39528470752104744
57 35 0.45069390943299864
57 36 0.5303300858899106
57 37 0.625
57 38 0.7288689868556626
57 39 0.8385254915624212
57 40 0.9519716382329886
57 41 0.25
57 42 0.2795084971874737
57 43 0.3535533905932738
57 44 0.45069390943299864
57 45 0.5590169943749475
57 46 0.673145600891813
57 47 0.7905694150420949
57 48 0.9100137361600648
57 49 0.125
57 50 0.1767766952966369
57 51 0.2795084971874737
57 52 0.39528470752104744
57 53 0.5153882032022076
57 54 0.6373774391990981
57 55 0.7603453162872774
57 56 0.8838834764831844
57 57 0.0
57 58 0.125
57 59 0.25
57 60 0.375
57 61 0.5
57 62 0.625
57 63 0.75
57 64 0.875
58 1 0.8838834764831844
58 2 0.875
58 3 0.8838834764831844
58 4 0.9100137361600648
58 5 0.9519716382329886
58 6 1.0077822185373186
58 7 1.0752906583803283
58 8 1.1524430571616109
58 9 0.7603453162872774
58 10 0.75
58 11 0.7603453162872774
58 12 0.7905694150420949
58 13 0.8385254915624212
58 14 0.9013878188659973
58 15 0.9762812094883317
58 16 1.0606601717798212
58 17 0.6373774391990981
58 18 0.625
58 19 0.6373774391990981
58 20 0.673145600891813
58 21 0.7288689868556626
58 22 0.8003905296791061
58 23 0.8838834764831844
58 24 0.9762812094883317
58 25 0.5153882032022076
58 26 0.5
58 27 0.5153882032022076
58 28 0.5590169943749475
58 29 0.625
58 30 0.7071067811865476
58 31 0.8003905296791061
58 32 0.9013878188659973
58 33 0.39528470752104744
58 34 0.375
58 35 0.39528470752104744
58 36 0.45069390943299864
58 37 0.5303300858899106
58 38 0.625
58 39 0.7288689868556626
58 40 0.8385254915624212
58 41 0.2795084971874737
58 42 0.25
58 43 0.2795084971874737
58 44 0.3535533905932738
58 45 0.45069390943299864
58 46 0.5590169943749475
58 47 0.673145600891813
58 48 0.7905694150420949
58 49 0.1767766952966369
58 50 0.125
58 51 0.1767766952966369
58 52 0.2795084971874737
58 53 0.39528470752104744
58 54 0.5153882032022076
58 55 0.6373774391990981
58 56 0.7603453162872774
58 57 0.125
58 58 0.0
58 59 0.125
58 60 0.25
58 61 0.375
58 62 0.5
58 63 0.625
58 64 0.75
59 1 0.9100137361600648
59 2 0.8838834764831844
59 3 0.875
59 4 0.8838834764831844
59 5 0.9100137361600648
59 6 0.9519716382329886
59 7 1.0077822185373186
59 8 1.0752906583803283
59 9 0.7905694150420949
59 10 0.7603453162872774
59 11 0.75
59 12 0.7603453162872774
59 13 0.7905694150420949
59 14 0.8385254915624212
59 15 0.9013878188659973
59 16 0.9762812094883317
59 17 0.673145600891813
59 18 0.6373774391990981
59 19 0.625
59 20 0.6373774391990981
59 21 0.673145600891813
59 22 0.7288689868556626
59 23 0.8003905296791061
59 24 0.8838834764831844
59 25 0.5590169943749475
59 26 0.5153882032022076
59 27 0.5
59 28 0.5153882032022076
59 29 0.5590169943749475
59 30 0.625
59 31 0.7071067811865476
59 32 0.8003905296791061
59 33 0.45069390943299864
59 34 0.39528470752104744
59 35 0.375
59 36 0.39528470752104744
59 37 0.45069390943299864
59 38 0.5303300858899106
59 39 0.625
59 40 0.7288689868556626
59 41 0.3535533905932738
59 42 0.2795084971874737
59 43 0.25
59 44 0.2795084971874737
59 45 0.3535533905932738
59 46 0.45069390943299864
59 47 0.5590169943749475
59 48 0.673145600891813
59 49 0.2795084971874737
59 50 0.1767766952966369
59 51 0.125
59 52 0.1767766952966369
59 53 0.2795084971874737
59 54 0.39528470752104744
59 55 0.5153882032022076
59 56 0.6373774391990981
59 57 0.25
59 58 0.125
59 59 0.0
59 60 0.125
59 61 0.25
59 62 0.375
59 63 0.5
59 64 0.625
60 1 0.9519716382329886
60 2 0.9100137361600648
60 3 0.8838834764831844
60 4 0.875
60 5 0.8838834764831844
60 6 0.9100137361600648
60 7 0.9519716382329886
60 8 1.0077822185373186
60 9 0.8385254915624212
60 10 0.7905694150420949
60 11 0.7603453162872774
60 12 0.75
60 13 0.7603453162872774
60 14 0.7905694150420949
60 15 0.8385254915624212
60 16 0.9013878188659973
60 17 0.7288689868556626
60 18 0.673145600891813
60 19 0.6373774391990981
60 20 0.625
60 21 0.6373774391990981
60 22 0.673145600891813
60 23 0.7288689868556626
60 24 0.8003905296791061
60 25 0.625
60 26 0.5590169943749475
60 27 0.5153882032022076
60 28 0.5
60 29 0.5153882032022076
60 30 0.5590169943749475
60 31 0.625
60 32 0.7071067811865476
60 33 0.5303300858899106
60 34 0.45069390943299864
60 35 0.39528470752104744
60 36 0.375
60 37 0.39528470752104744
60 38 0.45069390943299864
60 39 0.5303300858899106
60 40 0.625
60 41 0.45069390943299864
60 42 0.3535533905932738
60 43 0.2795084971874737
60 44 0.25
60 45 0.2795084971874737
60 46 0.3535533905932738
60 47 0.45069390943299864
60 48 0.5590169943749475
60 49 0.39528470752104744
60 50 0.2795084971874737
60 51 0.1767766952966369
60 52 0.125
60 53 0.1767766952966369
60 54 0.2795084971874737
60 55 0.39528470752104744
60 56 0.5153882032022076
60 57 0.375
60 58 0.25
60 59 0.125
60 60 0.0
60 61 0.125
60 62 0.25
60 63 0.375
60 64 0.5
61 1 1.0077822185373186
61 2 0.9519716382329886
61 3 0.9100137361600648
61 4 0.8838834764831844
61 5 0.875
61 6 0.8838834764831844
61 7 0.9100137361600648
61 8 0.9519716382329886
61 9 0.9013878188659973
61 10 0.8385254915624212
61 11 0.7905694150420949
61 12 0.7603453162872774
61 13 0.75
61 14 0.7603453162872774
61 15 0.7905694150420949
61 16 0.8385254915624212
61 17 0.8003905296791061
61 18 0.7288689868556626
61 19 0.673145600891813
61 20 0.6373774391990981
61 21 0.625
61 22 0.6373774391990981
61 23 0.673145600891813
61 24 0.7288689868556626
61 25 0.7071067811865476
61 26 0.625
61 27 0.5590169943749475
61 28 0.5153882032022076
61 29 0.5
61 30 0.5153882032022076
61 31 0.5590169943749475
61 32 0.625
61 33 0.625
61 34 0.5303300858899106
61 35 0.45069390943299864
61 36 0.39528470752104744
61 37 0.375
61 38 0.39528470752104744
61 39 0.45069390943299864
61 40 0.5303300858899106
61 41 0.5590169943749475
61 42 0.45069390943299864
61 43 0.3535533905932738
61 44 0.2795084971874737
61 45 0.25
61 46 0.2795084971874737
61 47 0.3535533905932738
61 48 0.45069390943299864
61 49 0.5153882032022076
61 50 0.39528470752104744
61 51 0.2795084971874737
61 52 0.1767766952966369
61 53 0.125
61 54 0.1767766952966369
61 55 0.2795084971874737
61 56 0.39528470752104744
61 57 0.5
61 58 0.375
61 59 0.25
61 60 0.125
61 61 0.0
61 62 0.125
61 63 0.25
61 64 0.375
62 1 1.0752906583803283
62 2 1.0077822185373186
62 3 0.9519716382329886
62 4 0.9100137361600648
62 5 0.8838834764831844
62 6 0.875
62 7 0.8838834764831844
62 8 0.9100137361600648
62 9 0.9762812094883317
62 10 0.9013878188659973
62 11 0.8385254915624212
62 12 0.7905694150420949
62 13 0.7603453162872774
62 14 0.75
62 15 0.7603453162872774
62 16 0.7905694150420949
62 17 0.8838834764831844
62 18 0.8003905296791061
62 19 0.7288689868556626
62 20 0.673145600891813
62 21 0.6373774391990981
62 22 0.625
62 23 0.6373774391990981
62 24 0.673145600891813
62 25 0.8003905296791061
62 26 0.7071067811865476
62 27 0.625
62 28 0.5590169943749475
62 29 0.5153882032022076
62 30 0.5
62 31 0.5153882032022076
62 32 0.5590169943749475
62 33 0.7288689868556626
62 34 0.625
62 35 0.5303300858899106
62 36 0.45069390943299864
62 37 0.39528470752104744
62 38 0.375
62 39 0.39528470752104744
62 40 0.45069390943299864
62 41 0.673145600891813
62 42 0.5590169943749475
62 43 0.45069390943299864
62 44 0.3535533905932738
62 45 0.2795084971874737
62 46 0.25
62 47 0.2795084971874737
62 48 0.3535533905932738
62 49 0.6373774391990981
62 50 0.5153882032022076
62 51 0.39528470752104744
62 52 0.2795084971874737
62 53 0.1767766952966369
62 54 0.125
62 55 0.1767766952966369
62 56 0.2795084971874737
62 57 0.625
62 58 0.5
62 59 0.375
62 60 0.25
62 61 0.125
62 62 0.0
62 63 0.125
62 64 0.25
63 1 1.1524430571616109
63 2 1.0752906583803283
63 3 1.0077822185373186
63 4 0.9519716382329886
63 5 0.9100137361600648
63 6 0.8838834764831844
63 7 0.875
63 8 0.8838834764831844
63 9 1.0606601717798212
63 10 0.9762812094883317
63 11 0.9013878188659973
63 12 0.8385254915624212
63 13 0.7905694150420949
63 14 0.7603453162872774
63 15 0.75
63 16 0.7603453162872774
63 17 0.9762812094883317
63 18 0.8838834764831844
63 19 0.8003905296791061
63 20 0.7288689868556626
63 21 0.673145600891813
63 22 0.6373774391990981
63 23 0.625
63 24 0.6373774391990981
63 25 0.9013878188659973
63 26 0.8003905296791061
63 27 0.7071067811865476
63 28 0.625
63 29 0.5590169943749475
63 30 0.5153882032022076
63 31 0.5
63 32 0.5153882032022076
63 33 0.8385254915624212
63 34 0.7288689868556626
63 35 0.625
63 36 0.5303300858899106
63 37 0.45069390943299864
63 38 0.39528470752104744
63 39 0.375
63 40 0.39528470752104744
63 41 0.7905694150420949
63 42 0.673145600891813
63 43 0.5590169943749475
63 44 0.45069390943299864
63 45 0.3535533905932738
63 46 0.2795084971874737
63 47 0.25
63 48 0.2795084971874737
63 49 0.7603453162872774
63 50 0.6373774391990981
63 51 0.5153882032022076
63 52 0.39528470752104744
63 53 0.2795084971874737
63 54 0.1767766952966369
63 55 0.125
63 56 0.1767766952966369
63 57 0.75
63 58 0.625
63 59 0.5
63 60 0.375
63 61 0.25
63 62 0.125
63 63 0.0
63 64 0.125
64 1 1.2374368670764582
64 2 1.1524430571616109
64 3 1.0752906583803283
64 4 1.0077822185373186
64 5 0.9519716382329886
64 6 0.9100137361600648
64 7 0.8838834764831844
64 8 0.875
64 9 1.1524430571616109
64 10 1.0606601717798212
64 11 0.9762812094883317
64 12 0.9013878188659973
64 13 0.8385254915624212
64 14 0.7905694150420949
64 15 0.7603453162872774
64 16 0.75
64 17 1.0752906583803283
64 18 0.9762812094883317
64 19 0.8838834764831844
64 20 0.8003905296791061
64 21 0.7288689868556626
64 22 0.673145600891813
64 23 0.6373774391990981
64 24 0.625
64 25 1.0077822185373186
64 26 0.9013878188659973
64 27 0.8003905296791061
64 28 0.7071067811865476
64 29 0.625
64 30 0.5590169943749475
64 31 0.5153882032022076
64 32 0.5
64 33 0.9519716382329886
64 34 0.8385254915624212
64 35 0.7288689868556626
64 36 0.625
64 37 0.5303300858899106
64 38 0.45069390943299864
64 39 0.39528470752104744
64 40 0.375
64 41 0.9100137361600648
64 42 0.7905694150420949
64 43 0.673145600891813
64 44 0.5590169943749475
64 45 0.45069390943299864
64 46 0.3535533905932738
64 47 0.2795084971874737
64 48 0.25
64 49 0.8838834764831844
64 50 0.7603453162872774
64 51 0.6373774391990981
64 52 0.5153882032022076
64 53 0.39528470752104744
64 54 0.2795084971874737
64 55 0.1767766952966369
64 56 0.125
64 57 0.875
64 58 0.75
64 59 0.625
64 60 0.5
64 61 0.375
64 62 0.25
64 63 0.125
64 64 0.0
